RSN_Security_Min_Witness-Direct-MBIST_5cores_100controllers_100memories_na-D1.wcnf 62.01 31.74 74.28 279.2 51.95 59.18 228.36 464.5 32.46 38.32 468.76 44.27 839.91 166.73 87.73
RSN_Security_Min_Witness-Direct-MBIST_100cores_100controllers_5memories_na-D6.wcnf 194.15 101.68 542.23 1243.82 96.76 113.19 511.85 3600.0 61.98 76.1 3600.0 439.09 3600.0 564.67 369.44
RSN_Security_Min_Witness-Direct-MBIST_5cores_100controllers_100memories_na-DA.wcnf 61.77 31.79 74.49 277.7 52.12 59.36 228.82 470.37 31.83 39.36 457.8 44.53 838.47 169.13 88.64
RSN_Security_Min_Witness-Direct-FlexScan-D3.wcnf 3.39 41.25 3.31 3600.0 6.6 7.16 3600.0 1.8 6.27 6.88 1.81 44.44 3600.0 3.91 2.62
RSN_Security_Min_Witness-Direct-MBIST_5cores_100controllers_100memories_na-D8.wcnf 61.69 31.86 74.15 280.09 52.26 59.27 228.95 472.9 31.87 38.96 468.02 44.42 843.69 167.12 89.06
RSN_Security_Min_Witness-Direct-FlexScan-DC.wcnf 3.38 42.17 3.31 3600.0 6.46 7.2 3600.0 1.81 6.35 6.7 1.82 42.71 3600.0 3.94 2.67
RSN_Security_Min_Witness-Direct-FlexScan-D2.wcnf 3.73 40.46 3.3 3600.0 6.68 7.29 3600.0 1.8 6.31 6.8 1.81 37.84 3600.0 3.94 2.65
RSN_Security_Min_Witness-Direct-p93791-D7.wcnf 0.24 0.18 0.26 1.64 0.28 0.32 1.64 0.17 0.28 0.3 0.16 0.09 0.15 0.33 0.23
RSN_Security_Min_Witness-Direct-MBIST_100cores_100controllers_5memories_na-D7.wcnf 228.49 111.5 553.83 1199.09 161.3 174.74 539.05 3600.0 113.49 129.26 3567.93 228.47 3600.0 609.32 429.35
RSN_Security_Min_Witness-Direct-MBIST_100cores_100controllers_5memories_na-D5.wcnf 230.19 93.54 555.83 1248.53 153.25 165.99 588.87 3146.52 117.81 131.7 3157.72 227.02 3600.0 521.13 289.77
RSN_Security_Min_Witness-Direct-MBIST_5cores_100controllers_100memories_na-D2.wcnf 61.97 31.82 74.24 278.12 52.25 59.58 228.82 474.9 32.25 39.06 455.86 44.34 843.32 167.89 88.4
RSN_Security_Min_Witness-Direct-MBIST_5cores_100controllers_100memories_na-DB.wcnf 62.19 31.89 74.17 279.07 52.11 59.46 230.1 459.9 32.35 38.34 475.72 44.26 837.43 166.3 87.84
RSN_Security_Min_Witness-Direct-MBIST_100cores_100controllers_5memories_na-D4.wcnf 227.95 121.37 552.83 1241.33 156.49 168.33 609.53 3600.0 114.02 129.97 3600.0 220.37 3600.0 508.17 301.57
RSN_Security_Min_Witness-Direct-MBIST_5cores_100controllers_100memories_na-D3.wcnf 61.75 31.81 74.2 278.24 52.16 59.32 230.12 470.56 32.02 38.97 470.54 44.29 830.01 166.63 88.84
RSN_Security_Min_Witness-Direct-FlexScan-D8.wcnf 3.38 0.69 3.28 14.15 6.25 6.95 14.19 1.8 6.29 6.92 1.8 43.38 3600.0 3.67 2.6
RSN_Security_Min_Witness-Direct-MBIST_5cores_100controllers_100memories_na-DC.wcnf 79.05 43.27 79.51 257.27 69.87 75.68 286.93 430.8 49.29 55.22 416.56 77.89 567.18 187.14 99.26
RSN_Security_Min_Witness-Direct-FlexScan-D1.wcnf 3.42 0.69 3.31 14.55 6.23 7.02 14.35 1.82 6.16 6.68 1.82 1.42 3600.0 4.02 2.75
RSN_Security_Min_Witness-Direct-FlexScan-DD.wcnf 3.38 0.69 3.27 14.24 6.12 6.86 14.15 1.81 6.32 6.7 1.85 1.41 3600.0 3.92 2.57
RSN_Security_Min_Witness-Direct-MBIST_5cores_100controllers_100memories_na-DF.wcnf 62.02 31.75 74.15 279.03 52.25 59.31 230.52 474.12 32.63 38.31 457.62 44.48 843.13 166.21 88.35
RSN_Security_Min_Witness-Direct-MBIST_100cores_100controllers_5memories_na-DA.wcnf 33.61 18.97 41.98 189.98 22.34 25.79 189.94 39.15 15.57 18.63 39.3 105.13 978.71 157.98 104.97
RSN_Security_Min_Witness-Direct-MBIST_5cores_100controllers_100memories_na-D6.wcnf 61.74 31.74 73.95 279.34 52.36 59.29 230.84 472.21 31.98 38.77 475.23 44.8 842.75 165.96 88.41
RSN_Security_Min_Witness-Direct-FlexScan-D5.wcnf 3.43 42.31 3.3 3600.0 6.31 7.11 3600.0 1.8 6.29 6.72 1.79 42.6 3600.0 3.92 2.62
RSN_Security_Min_Witness-Direct-MBIST_100cores_100controllers_5memories_na-D9.wcnf 228.39 107.34 554.22 1168.43 157.88 171.05 533.4 3600.0 114.29 128.96 3600.0 229.62 3600.0 461.59 264.12
RSN_Security_Min_Witness-Direct-MBIST_5cores_100controllers_100memories_na-DE.wcnf 61.99 31.87 74.17 277.58 52.23 59.57 230.58 474.57 31.98 38.98 476.08 44.27 841.78 166.71 88.71
RSN_Security_Min_Witness-Direct-MBIST_5cores_100controllers_100memories_na-D5.wcnf 62.24 31.8 74.36 276.14 52.05 59.23 228.16 473.33 32.49 39.11 453.65 44.34 839.68 168.48 88.47
RSN_Security_Min_Witness-Direct-MBIST_100cores_100controllers_5memories_na-D2.wcnf 227.96 111.66 555.15 1190.82 161.0 172.91 541.04 3022.15 115.49 129.98 3271.65 227.43 3600.0 636.14 409.31
RSN_Security_Min_Witness-Direct-FlexScan-D7.wcnf 3.37 0.75 3.28 14.25 6.18 6.67 14.22 1.79 6.1 6.43 1.8 1.41 3600.0 3.93 2.61
RSN_Security_Min_Witness-Direct-FlexScan-D6.wcnf 3.37 0.68 3.33 14.12 6.26 6.85 14.26 1.8 6.14 6.5 1.86 1.41 3600.0 3.91 2.64
RSN_Security_Min_Witness-Direct-MBIST_100cores_100controllers_5memories_na-DC.wcnf 227.72 110.84 553.15 1243.39 146.35 159.36 629.38 3600.0 107.21 119.34 3600.0 223.59 3600.0 470.96 375.07
RSN_Security_Min_Witness-Direct-MBIST_55cores_20controllers_5memories_na-DC.wcnf 3.37 11.75 4.05 19.39 1.88 2.27 19.21 3.98 1.44 1.77 4.01 2.98 16.74 10.47 6.94
20-500-35.wcnf 27.53 13.28 32.94 13.66 15.17 14.14 8.95 8.22 5.41 11.37 136.05 6.81 6.91 3600.0 1285.85
20-500-95.wcnf 36.42 7.1 3.7 6.86 3.95 11.01 5.28 3.33 1.37 8.85 19.92 4.72 4.81 66.79 28.21
20-100-frag12-53.wcnf 1177.18 249.59 518.55 309.01 448.04 920.57 446.39 308.59 213.88 408.79 757.43 182.97 312.94 3600.0 3600.0
20-100-lambda100-65.wcnf 3600.0 3600.0 3600.0 3600.0 1456.35 1462.01 3600.0 3600.0 1799.37 1839.71 3600.0 1848.47 2795.47 3600.0 3600.0
20-100-p100-71.wcnf 3600.0 3600.0 3600.0 3600.0 3600.0 3600.0 3600.0 3600.0 3600.0 3600.0 3600.0 2525.44 2613.68 3600.0 3600.0
20-100-lambda100-89.wcnf 3600.0 3600.0 3600.0 3600.0 3600.0 652.9 3600.0 3600.0 3600.0 1172.84 3600.0 887.32 1540.77 3600.0 3600.0
20-100-lambda100-49.wcnf 3600.0 3600.0 3600.0 3600.0 3600.0 2019.6 3600.0 3600.0 3600.0 3375.76 3600.0 380.57 556.28 3600.0 3600.0
20-100-frag12-32.wcnf 3600.0 3600.0 3600.0 3600.0 3379.66 3336.69 3600.0 3600.0 2693.28 2675.3 3600.0 3260.42 3600.0 3600.0 3600.0
20-100-lambda100-14.wcnf 643.16 623.82 3600.0 3600.0 1665.76 269.69 2765.57 1321.17 3298.92 215.98 3600.0 204.42 269.51 3600.0 3600.0
20-500-62.wcnf 36.1 6.92 3.99 6.85 5.49 11.58 5.25 3.83 3.15 9.64 10.56 5.11 4.91 3600.0 3600.0
20-100-frag12-14.wcnf 886.14 136.38 139.41 118.8 534.17 289.2 143.24 141.25 223.61 166.33 262.81 129.83 136.58 3600.0 3600.0
20-100-p100-55.wcnf 3600.0 3600.0 3600.0 3600.0 3600.0 3600.0 3600.0 3600.0 3600.0 3600.0 3600.0 3254.56 3600.0 3600.0 3600.0
20-500-26.wcnf 23.98 8.15 19.74 7.47 8.35 9.73 6.46 5.32 310.25 8.57 318.25 4.65 5.2 3600.0 2985.45
20-500-76.wcnf 34.55 16.69 13.61 13.01 13.15 3600.0 10.83 12.12 7.86 13.71 11.36 12.74 13.64 1884.23 3600.0
20-100-frag12-0.wcnf 3600.0 716.18 1370.36 1450.14 1829.0 1219.39 968.92 1971.19 1141.54 856.21 1927.26 680.57 851.52 3600.0 3600.0
20-500-33.wcnf 36.25 11.5 272.07 9.94 12.31 14.13 8.12 6.78 5.12 11.37 25.24 5.94 5.98 3600.0 3600.0
20-100-lambda100-47.wcnf 3600.0 3600.0 3600.0 3600.0 1549.4 1528.66 3600.0 3600.0 1828.49 1831.13 3600.0 1009.68 1012.98 3600.0 3600.0
20-500-42.wcnf 21.2 8.9 380.59 7.15 6.62 10.75 5.07 3.98 2.89 8.6 4.97 4.64 4.04 1821.01 3600.0
cnf_10_center.wcnf 1184.05 684.12 582.88 3600.0 2762.19 2765.78 3600.0 206.77 3600.0 3600.0 1348.1 3316.68 1972.61 3600.0 3600.0
cnf_12_center.wcnf 345.9 371.47 39.64 364.24 308.93 319.43 170.26 47.92 256.42 266.66 149.17 304.75 267.49 3600.0 3600.0
uaq-min-rpp-nr200-np400-rpp11-nc0-rs0-t0-plb10-n9.wcnf 12.88 13.1 20.81 9.16 134.38 136.5 12.01 48.12 108.48 105.2 2339.97 47.49 149.44 1382.85 1057.99
uaq-min-rs-nr100-np400-rpp5-nc10-rs20-t3-plb10-n6.wcnf 0.34 0.09 0.06 0.31 1.99 2.0 0.28 0.05 1.12 1.13 0.05 3.74 5.24 0.09 0.05
uaq-min-nr-nr30-np400-rpp5-nc0-rs0-t0-plb100-n1.wcnf 30.84 24.43 14.85 8.92 145.4 23.04 8.91 21.78 90.43 9.85 3600.0 8.29 68.83 3600.0 3600.0
uaq-max-t-nr1000-np1000-rpp1-nc50-n12-t5-plb10-n2.wcnf 8.66 7.71 3.74 5.96 4.79 3600.0 2.89 2.63 2.12 3600.0 8.63 3600.0 3600.0 44.71 12.83
uaq-min-plb-nr10-np400-rpp5-nc0-rs0-t0-plb15-n6.wcnf 1.1 0.55 0.07 0.47 7.0 7.0 0.44 0.17 6.62 6.62 0.63 0.06 0.47 103.88 83.35
uaq-max-rs-nr200-np400-rpp5-nc10-n25-t3-plb10-n5.wcnf 3600.0 3600.0 3600.0 3600.0 2865.8 2885.4 3600.0 3600.0 3600.0 3600.0 3600.0 3600.0 3600.0 3600.0 3600.0
uaq-min-plb-nr10-np400-rpp5-nc0-rs0-t0-plb35-n3.wcnf 0.05 0.14 0.03 0.3 7.89 7.89 0.3 0.09 7.85 7.89 0.13 0.07 0.25 58.7 46.04
uaq-max-t-nr1000-np1000-rpp1-nc50-n12-t8-plb10-n7.wcnf 9.38 26.42 12.69 15.68 39.14 3600.0 12.29 12.49 14.4 3600.0 58.56 3600.0 3600.0 129.05 45.06
uaq-min-nr-nr40-np400-rpp5-nc0-rs0-t0-plb100-n8.wcnf 1355.51 577.17 863.36 319.02 696.49 713.16 374.02 2041.48 395.99 384.88 3600.0 113.51 1958.1 3600.0 3600.0
uaq-min-rpp-nr200-np400-rpp9-nc0-rs0-t0-plb10-n8.wcnf 15.16 24.26 15.56 8.69 146.79 146.25 12.89 49.1 62.78 64.97 1341.27 60.68 493.37 634.84 582.47
uaq-min-rpp-nr200-np400-rpp6-nc0-rs0-t0-plb4-n5.wcnf 0.22 0.06 0.02 0.17 0.09 0.08 0.15 0.02 0.07 0.07 0.02 0.19 0.28 0.02 0.02
uaq-max-nc-nr10-np400-rpp5-nc90-n8-t3-plb10-n0.wcnf 0.03 0.05 0.02 0.2 0.34 0.34 0.2 0.01 0.34 0.34 0.01 0.04 0.02 1.43 0.34
uaq-max-nc-nr10-np400-rpp5-nc100-n8-t3-plb10-n9.wcnf 0.06 0.18 0.03 0.28 0.48 0.48 0.24 0.03 0.47 0.47 0.03 0.04 0.04 11.16 2.9
uaq-max-rs-nr200-np400-rpp5-nc10-n25-t3-plb10-n1.wcnf 3600.0 3154.67 3600.0 3600.0 2661.03 2665.05 3600.0 3600.0 3600.0 3600.0 3600.0 3600.0 3600.0 3600.0 3600.0
uaq-min-rpp-nr200-np400-rpp4-nc0-rs0-t0-plb4-n2.wcnf 0.02 0.03 0.01 0.14 0.03 0.03 0.13 0.01 0.03 0.03 0.02 0.09 0.03 0.01 0.02
frb40-19-4.partial.wcnf 70.11 247.27 72.32 66.14 11.7 197.52 228.13 3600.0 5.05 337.78 3600.0 106.88 370.3 3600.0 3600.0
frb30-15-4.partial.wcnf 115.3 1.27 1.25 0.86 3600.0 14.4 0.78 260.98 3600.0 2.07 3600.0 5.63 7.58 3600.0 3600.0
frb25-13-1.partial.wcnf 0.15 0.12 0.21 0.29 10.34 11.0 0.48 909.61 3.68 0.87 3600.0 1.47 2.09 3600.0 3600.0
frb35-17-2.partial.wcnf 255.74 16.32 13.41 27.83 50.16 61.78 7.89 3600.0 25.12 17.58 3600.0 25.43 78.65 3600.0 3600.0
frb30-15-3.partial.wcnf 98.37 0.63 0.68 1.09 10.98 11.06 0.41 3600.0 2.35 1.85 3600.0 3.1 4.23 3600.0 3600.0
frb40-19-3.partial.wcnf 3600.0 1023.6 714.96 739.69 460.28 193.35 81.73 3600.0 989.23 809.34 3600.0 985.81 1768.78 3600.0 3600.0
frb35-17-1.partial.wcnf 8.86 5.3 1.51 4.13 27.7 22.64 4.69 3600.0 26.99 15.11 3600.0 29.3 18.47 3600.0 3600.0
frb20-11-5.partial.wcnf 5.56 0.02 0.03 0.18 3.29 0.13 0.18 131.29 0.99 0.11 55.41 0.23 0.21 3600.0 3600.0
frb25-13-3.partial.wcnf 0.08 0.05 0.11 0.33 876.4 0.29 0.31 143.55 3600.0 0.26 3600.0 0.84 1.32 3600.0 3600.0
frb20-11-2.partial.wcnf 1.77 0.02 0.02 0.19 0.06 0.13 0.19 10.22 0.05 0.07 190.0 0.16 0.13 3600.0 3600.0
uaq-rpp-nr100-nc33-n3-k2-rpp7-ppr2-plb20.wcnf 7.38 6.18 2.85 2.57 11.9 12.11 5.1 15.68 5.3 5.33 83.08 16.34 8.32 156.13 114.69
uaq-plb-nr250-nc83-n5-k2-rpp3-ppr5-plb80.wcnf 44.39 29.65 18.44 16.92 222.67 216.28 57.85 82.19 107.81 111.08 3600.0 140.29 292.99 3600.0 3600.0
uaq-plb-nr250-nc83-n5-k2-rpp3-ppr5-plb150.wcnf 10.5 0.22 0.11 0.35 0.49 0.49 0.45 0.32 0.31 0.32 18.26 0.29 0.4 50.24 26.9
uaq-plb-nr250-nc83-n5-k2-rpp3-ppr5-plb50.wcnf 9.92 3.03 2.18 7.14 199.56 203.06 8.99 30.91 139.15 145.34 478.59 91.75 93.4 237.69 200.2
uaq-nr-nr340-nc113-n3-k2-rpp4-ppr2-plb50.wcnf 9.13 0.82 0.43 1.14 3600.0 3600.0 2.58 15.05 3600.0 3600.0 40.91 3600.0 3600.0 21.82 9.32
uaq-nr-nr450-nc150-n3-k2-rpp4-ppr2-plb50.wcnf 0.03 0.01 0.02 0.21 0.01 0.02 0.2 0.01 0.02 0.02 0.01 0.11 0.17 0.1 0.05
uaq-rpp-nr100-nc33-n3-k2-rpp26-ppr2-plb20.wcnf 17.22 53.33 35.65 26.65 36.97 35.8 14.44 80.95 14.81 14.72 3600.0 13.32 23.74 3600.0 3494.33
uaq-rpp-nr100-nc33-n3-k2-rpp6-ppr2-plb20.wcnf 10.58 8.31 2.9 3.06 12.65 13.18 5.58 13.07 4.94 4.87 88.79 16.33 12.02 121.4 77.23
uaq-rpp-nr100-nc33-n3-k2-rpp18-ppr2-plb20.wcnf 42.67 79.14 66.59 80.17 164.1 164.47 36.49 157.85 94.69 95.64 3600.0 29.18 42.68 3600.0 3600.0
role_domino_violations_0.0_4.wcnf 7.11 23.36 4.65 16.74 0.69 0.92 16.53 2.8 0.63 0.86 2.81 1.14 0.96 2.95 2.17
role_domino_violations_0.0_16.wcnf 7.24 23.34 4.75 16.5 0.64 0.86 16.47 2.84 0.6 0.82 2.87 0.72 0.88 2.67 2.05
role_smallcomp_multiple_0.0_8.wcnf 1.3 0.18 0.09 0.37 0.01 0.06 0.25 0.03 0.01 0.05 0.03 3.82 3.37 0.04 0.03
role_domino_multiple_0.0_3.wcnf 126.93 102.94 41.82 62.64 1.97 3.04 24.14 10.74 1.19 2.0 10.95 3600.0 3600.0 12.76 6.41
role_smallcomp_multiple_0.0_1.wcnf 6.79 0.24 0.11 0.38 0.02 1.2 0.24 0.04 0.01 0.42 0.04 46.58 40.44 0.08 0.06
role_smallcomp_violations_0.0_1.wcnf 0.01 0.01 0.01 0.13 0.01 0.01 0.13 0.01 0.01 0.03 0.01 0.02 0.01 0.01 0.01
role_smallcomp_multiple_0.0_0.wcnf 1.0 0.14 0.07 0.29 0.01 0.06 0.23 0.03 0.01 0.05 0.03 1.43 1.64 0.06 0.04
role_domino_violations_0.0_5.wcnf 7.06 23.39 4.7 16.74 0.71 0.96 16.66 2.79 0.64 0.89 2.84 1.43 1.13 3.19 2.28
role_domino_violations_0.0_17.wcnf 7.08 23.41 4.75 16.69 0.7 0.94 16.86 2.85 0.64 0.87 2.78 1.39 1.03 3.06 2.28
role_smallcomp_violations_0.0_2.wcnf 0.01 0.01 0.01 0.13 0.01 0.01 0.13 0.01 0.02 0.01 0.01 0.01 0.01 0.02 0.01
role_smallcomp_multiple_0.0_2.wcnf 6.98 0.47 0.14 0.45 0.05 25.58 0.25 0.18 0.04 4.81 0.18 264.39 248.41 1.43 0.68
role_domino_multiple_0.0_9.wcnf 84.49 117.14 44.13 66.18 2.71 4.2 26.63 12.35 1.65 2.89 12.33 3600.0 3600.0 18.83 9.58
role_domino_violations_0.0_15.wcnf 7.09 23.4 4.73 16.58 0.7 0.95 16.68 2.86 0.64 0.87 2.83 1.41 1.03 3.05 2.26
role_domino_multiple_0.0_1.wcnf 195.82 132.84 64.97 90.28 3.2 5.02 26.18 15.46 1.62 3.12 15.55 3600.0 3600.0 20.76 10.37
role_domino_violations_0.0_6.wcnf 7.05 23.34 4.66 16.9 0.68 0.91 16.74 2.86 0.62 0.85 2.82 1.08 0.91 2.97 2.24
role_smallcomp_violations_0.0_3.wcnf 0.02 0.02 0.02 0.13 0.01 0.01 0.13 0.01 0.01 0.02 0.02 0.02 0.01 0.01 0.01
role_domino_multiple_0.0_8.wcnf 136.71 110.06 63.66 87.76 2.52 5.11 25.2 16.34 1.45 2.95 16.54 3600.0 3600.0 16.52 7.93
role_smallcomp_violations_0.0_6.wcnf 0.01 0.01 0.01 0.13 0.01 0.01 0.13 0.01 0.01 0.01 0.01 0.01 0.01 0.02 0.01
role_domino_multiple_0.0_4.wcnf 520.51 152.96 50.91 72.11 2.24 3.96 25.16 13.55 1.37 2.44 13.65 3600.0 3600.0 15.06 8.19
role_smallcomp_violations_0.0_10.wcnf 0.02 0.01 0.01 0.13 0.01 0.01 0.13 0.01 0.01 0.02 0.01 0.01 0.01 0.01 0.01
role_domino_violations_0.0_3.wcnf 7.22 23.38 4.64 16.51 0.69 0.92 16.65 2.82 0.63 0.87 2.86 1.16 0.99 2.91 2.14
role_domino_violations_0.0_10.wcnf 7.11 23.38 4.67 16.49 0.68 0.92 16.57 2.82 0.63 0.86 2.81 1.17 0.96 2.9 2.11
role_domino_multiple_0.0_5.wcnf 86.41 109.61 57.67 77.39 2.65 3.98 25.88 13.52 1.5 2.76 13.55 3600.0 3600.0 22.39 12.55
role_smallcomp_violations_0.0_11.wcnf 0.01 0.01 0.01 0.13 0.01 0.02 0.13 0.02 0.01 0.01 0.01 0.01 0.01 0.01 0.01
role_domino_violations_0.0_12.wcnf 6.89 23.34 4.67 16.67 0.62 0.85 16.52 2.82 0.6 1.11 2.86 0.66 0.85 2.5 1.95
role_smallcomp_multiple_0.0_5.wcnf 0.4 0.13 0.06 0.28 0.01 0.11 0.22 0.03 0.01 0.09 0.03 3.25 2.58 0.04 0.03
role_smallcomp_violations_0.0_4.wcnf 0.01 0.02 0.01 0.13 0.01 0.02 0.13 0.01 0.02 0.01 0.01 0.01 0.01 0.01 0.01
role_domino_violations_0.0_8.wcnf 7.09 23.4 4.72 16.62 0.7 0.94 16.61 2.82 0.64 0.88 2.81 1.43 1.08 3.1 2.3
role_domino_multiple_0.0_6.wcnf 137.23 110.64 50.74 77.43 2.91 24.28 26.56 16.1 1.72 9.05 16.55 3600.0 3600.0 19.94 9.65
role_domino_violations_0.0_13.wcnf 7.08 23.4 4.76 16.75 0.7 0.94 16.62 2.8 0.64 0.87 2.82 1.39 1.02 3.08 2.33
3col100_5_7.shuffled.cnf.wcnf 0.06 0.1 0.04 0.21 1.12 0.33 0.27 0.07 0.4 0.16 0.07 0.13 0.09 5.85 6.61
3col80_5_8.shuffled.cnf.wcnf 0.02 0.02 0.01 0.13 0.11 0.04 0.14 0.02 0.04 0.03 0.01 0.03 0.02 0.62 1.15
3col120_5_9.shuffled.cnf.wcnf 0.48 0.9 1.21 1.56 3.53 5.13 3.57 0.88 7.54 1.62 0.84 1.78 0.99 89.97 151.46
med11.shuffled.cnf.wcnf 0.03 0.01 0.01 0.18 0.08 0.13 0.18 0.02 0.09 0.09 0.02 1.33 1.82 0.88 0.54
ezfact32_10.shuffled.cnf.wcnf 0.05 0.15 0.05 0.37 2.56 0.46 0.73 0.03 1.64 0.63 0.03 0.69 1.98 48.03 38.04
ezfact32_1.shuffled.cnf.wcnf 0.04 0.02 0.04 0.32 0.18 0.14 0.32 0.03 0.19 0.13 0.02 0.02 0.12 22.53 20.19
3col100_5_8.shuffled.cnf.wcnf 0.1 0.09 0.05 0.21 0.99 0.37 0.4 0.05 0.62 0.12 0.05 0.1 0.1 8.91 8.6
3col140_5_5.shuffled.cnf.wcnf 15.59 4.28 4.9 9.18 38.54 22.7 13.74 5.32 15.03 11.42 3600.0 2.1 2.8 231.11 251.29
3col80_5_6.shuffled.cnf.wcnf 0.02 0.02 0.01 0.13 0.09 0.04 0.14 0.01 0.09 0.04 0.02 0.02 0.02 0.57 1.01
3col80_5_3.shuffled.cnf.wcnf 0.02 0.02 0.01 0.15 0.03 0.05 0.13 0.01 0.05 0.03 0.01 0.02 0.03 1.26 1.39
3col120_5_8.shuffled.cnf.wcnf 0.62 0.96 1.22 2.64 12.31 4.41 3.65 0.59 6.21 3.63 0.59 1.42 1.03 100.19 101.88
dp02s02.shuffled.cnf.wcnf 0.02 0.01 0.02 0.14 0.01 0.03 0.14 0.01 0.01 0.02 0.01 0.02 0.02 0.08 0.04
ezfact32_6.shuffled.cnf.wcnf 0.05 1.67 0.04 0.34 1.26 0.46 0.32 0.03 0.16 0.15 0.03 0.09 0.11 79.67 42.25
3col80_5_5.shuffled.cnf.wcnf 0.02 0.03 0.01 0.13 0.04 0.03 0.13 0.01 0.01 0.03 0.01 0.03 0.02 0.58 0.88
dp04s04.shuffled.cnf.wcnf 0.1 0.36 0.12 1.07 1.28 16.17 1.04 0.13 0.7 10.78 0.14 0.11 1.63 73.28 100.89
3col140_5_9.shuffled.cnf.wcnf 39.4 5.59 7.8 9.72 46.15 30.85 14.36 7.69 19.62 16.45 3600.0 2.74 3.8 195.21 277.58
3col120_5_10.shuffled.cnf.wcnf 0.47 1.34 0.92 1.35 11.08 3.61 2.53 0.93 6.26 3.44 0.93 0.92 1.03 84.42 114.44
Q17_YESNO_2.wcnf 16.12 6.0 14.3 30.47 5.82 6.33 33.71 5.22 5.59 6.06 5.22 4.21 2.3 43.57 24.3
Q41_YESNO_2.wcnf 8.41 5.08 19.93 18.96 13.56 13.93 27.19 6.48 5.48 5.84 6.46 3.39 2.81 92.64 11.22
Q16_OPTIONS_1.wcnf 3600.0 1133.6 277.92 1504.28 3160.75 2575.32 1702.56 352.44 1114.24 1079.16 421.82 583.25 611.33 3600.0 3600.0
Q16_YESNO_1.wcnf 372.66 703.68 208.77 905.63 1049.04 1128.14 754.82 268.91 485.07 483.63 255.69 359.23 320.03 3600.0 1516.59
Q11_OPTIONS_2.wcnf 1.44 1.97 1.02 4.09 13.74 13.67 4.08 0.84 12.51 12.15 0.84 1.23 3600.0 19.31 4.2
Q47_YESNO_3.wcnf 4.42 0.86 5.53 9.69 31.54 31.9 9.31 1.85 31.44 31.59 1.84 0.59 3600.0 7.2 14.03
Q42_OPTIONS_1.wcnf 1001.9 1379.33 350.54 1650.07 2619.7 2812.71 1203.1 738.37 1129.38 1045.97 870.29 1000.22 976.4 3600.0 3600.0
Q11_YESNO_3.wcnf 1.3 1.44 0.91 3.61 15.01 15.33 3.65 0.82 11.47 11.28 0.82 2.09 2.4 40.69 4.55
Q14_OPTIONS_1.wcnf 11.81 23.01 12.68 39.29 65.09 65.48 35.27 8.08 22.14 22.52 8.08 24.53 25.24 437.53 21.36
Q20_OPTIONS_1.wcnf 94.8 196.94 80.28 238.49 254.1 260.07 230.81 287.71 170.7 179.36 281.06 140.18 172.65 2008.39 317.08
Q38_YESNO_2.wcnf 14.26 4.44 35.03 28.13 4.51 5.03 24.1 5.67 1.69 2.05 5.68 6.53 3.39 38.69 19.61
Q27_YESNO_1.wcnf 27.92 27.13 65.52 68.34 49.02 49.19 68.6 11.19 36.22 36.12 11.1 31.35 40.94 286.19 115.86
Q55_YESNO_1.wcnf 3600.0 3600.0 3461.95 3600.0 3600.0 3600.0 3600.0 3600.0 3600.0 3600.0 3600.0 3600.0 3600.0 3600.0 3600.0
Q53_YESNO_2.wcnf 6.88 1.79 8.05 15.41 1.2 1.45 14.86 2.58 1.57 1.76 2.58 1.24 1.15 11.54 7.8
Q14_YESNO_2.wcnf 3.1 0.43 2.75 5.26 13.75 13.76 5.22 1.0 13.83 13.79 0.99 0.4 0.29 1.92 1.23
Q42_YESNO_3.wcnf 2.61 0.41 6.41 5.38 15.7 15.92 5.21 0.87 15.75 15.74 0.87 0.3 0.29 1.9 1.32
Q15_YESNO_2.wcnf 4.97 1.03 5.07 10.28 20.47 20.73 9.94 1.64 20.41 20.52 1.63 0.61 0.93 7.02 4.22
Q45_YESNO_1.wcnf 1334.5 2468.34 231.54 2826.2 1835.53 1348.42 2001.19 2602.46 1299.29 1502.78 2923.25 1853.02 2573.71 3600.0 3600.0
SAT_RACE06__velev-pipe-sat-1.0-b9.cnf.wcnf.5.wcnf 203.99 37.89 56.16 352.99 11.77 13.73 118.86 76.99 8.15 9.78 72.81 47.26 94.5 295.02 57.0
SAT04__industrial__velev__pipe-sat-1-1__12pipe_bug6_q0.used-as.sat04-725.cnf.wcnf.3.wcnf 504.51 29.1 138.92 793.44 11.07 47.07 81.33 264.29 6.75 83.43 290.92 80.47 388.46 101.35 56.71
SAT11__application__jarvisalo__smtqfbv-aigs__smtlib-qfbv-aigs-rfunit_flat-64-tseitin.cnf.wcnf.4.wcnf 6.16 3.38 7.38 26.7 14.07 14.2 22.66 3.56 13.54 13.52 3.65 4.44 203.21 3.35 2.45
teams16_l9a.cnf.wcnf 62.88 34.19 0.55 5.86 8.49 8.5 0.91 2.5 2.81 2.83 1.65 0.23 8.66 0.48 0.22
teams24_l5a.cnf.wcnf 108.25 111.58 0.79 3189.0 1032.81 1031.25 1856.72 4.47 3600.0 3600.0 3.42 3600.0 3600.0 0.77 0.53
SAT04__industrial__velev__pipe-sat-1-1__12pipe_bug6_q0.used-as.sat04-725.cnf.wcnf.10.wcnf 207.75 9.35 72.29 591.58 11.22 12.55 71.09 103.88 4.09 6.23 130.47 47.5 3600.0 65.72 57.26
cnf.20.p.4.wcnf 695.12 134.41 38.55 476.23 3600.0 3600.0 32.7 54.04 107.15 77.67 211.57 39.99 51.4 3600.0 3600.0
cnf.17.d.10.wcnf 39.29 39.55 5.61 58.7 3600.0 3600.0 19.1 21.14 22.45 22.34 19.59 15.24 18.33 1784.48 389.4
cnf.15.p.9.wcnf 549.11 234.1 41.31 224.7 88.7 89.37 46.84 545.06 54.73 54.96 3600.0 130.19 209.15 3600.0 3600.0
cnf.17.p.4.wcnf 311.14 202.03 180.14 193.64 318.43 321.13 155.28 85.63 274.45 274.79 3600.0 50.63 109.09 3600.0 3600.0
cnf.19.p.3.wcnf 62.59 40.29 16.84 33.07 58.73 56.21 16.2 13.03 21.61 21.23 21.97 10.13 14.6 3600.0 1127.01
cnf.18.p.5.wcnf 477.8 191.19 342.17 160.71 107.51 105.79 62.87 56.31 118.69 118.56 2770.39 55.08 121.5 3600.0 3600.0
cnf.10.p.10.wcnf 219.97 124.4 41.73 77.47 40.55 40.65 60.47 31.6 35.02 34.73 52.98 27.44 21.71 555.89 3600.0
cnf.18.p.10.wcnf 907.15 707.77 210.03 3600.0 208.53 219.03 2757.43 3600.0 352.03 338.25 3600.0 1592.0 3348.74 3600.0 3600.0
kbtree9_7_3_5_50_5.wcsp.wcnf 50.74 3600.0 3600.0 3600.0 2686.2 2694.55 3600.0 3600.0 2985.48 2980.4 3600.0 3600.0 3600.0 3600.0 3600.0
kbtree9_7_3_5_80_6.wcsp.wcnf 40.24 3600.0 3600.0 3600.0 3600.0 3600.0 3600.0 3600.0 3600.0 3600.0 3600.0 3600.0 3600.0 3600.0 3600.0
kbtree9_7_3_5_50_4.wcsp.wcnf 609.95 3600.0 3600.0 3600.0 3600.0 3600.0 3600.0 3600.0 3600.0 3600.0 3600.0 3600.0 3600.0 3600.0 3600.0
kbtree9_7_3_5_20_2.wcsp.wcnf 1.66 2.79 0.59 1.6 0.24 0.24 0.19 0.11 0.13 0.14 0.15 0.12 0.26 0.32 0.04
kbtree9_7_3_5_40_5.wcsp.wcnf 29.98 1646.85 2060.67 3600.0 623.49 609.23 3600.0 3600.0 324.55 311.45 3600.0 3600.0 3600.0 3008.37 3600.0
kbtree9_7_3_5_90_1.wcsp.wcnf 16.36 534.65 449.3 3600.0 318.88 324.45 3600.0 3600.0 190.44 190.26 3600.0 3600.0 3600.0 3600.0 3600.0
kbtree9_7_3_5_30_6.wcsp.wcnf 36.24 479.18 37.45 29.14 21.88 22.02 29.89 182.49 9.98 10.22 3600.0 200.09 99.41 78.31 38.49
kbtree9_7_3_5_60_2.wcsp.wcnf 47.68 3600.0 3600.0 3600.0 3600.0 3600.0 3600.0 3600.0 3600.0 3600.0 3600.0 3600.0 3600.0 3600.0 3600.0
kbtree9_7_3_5_70_5.wcsp.wcnf 47.88 3600.0 3600.0 3600.0 3600.0 3600.0 3600.0 3600.0 3600.0 3600.0 3600.0 3600.0 3600.0 3600.0 3600.0
kbtree9_7_3_5_80_3.wcsp.wcnf 32.24 3600.0 3600.0 3600.0 3600.0 3600.0 3600.0 3600.0 3600.0 3600.0 3600.0 3600.0 3600.0 3600.0 3600.0
rev44-8.wcnf 2.14 1.01 0.34 0.88 0.61 0.61 0.4 0.46 0.25 0.26 1.31 0.17 0.22 17.74 4.38
rev66-4.wcnf 0.33 0.06 0.07 0.38 0.09 0.09 0.36 0.06 0.07 0.07 0.16 0.02 0.04 5.28 4.54
rev44-4.wcnf 0.07 0.02 0.02 0.15 0.02 0.02 0.15 0.02 0.02 0.02 0.02 0.01 0.02 0.25 0.15
rev44-12.wcnf 2.26 2.74 0.81 1.59 1.14 1.16 0.72 1.2 0.66 0.66 1.36 0.63 0.41 15.02 2.98
extension-enforcement_non-strict_stb_200_0.05_4_10_2.wcnf 3600.0 3600.0 1323.49 3600.0 3600.0 3600.0 3600.0 3600.0 3600.0 3600.0 3600.0 3600.0 3600.0 3600.0 3600.0
extension-enforcement_strict_com_200_0.05_4_20_4.wcnf 88.39 42.0 14.26 300.52 3600.0 3600.0 3600.0 1.61 3600.0 3600.0 1.52 3600.0 3600.0 3600.0 3600.0
extension-enforcement_non-strict_stb_200_0.05_4_10_1.wcnf 3600.0 3600.0 1626.95 3600.0 3600.0 3600.0 3600.0 3600.0 3600.0 3600.0 3600.0 3600.0 3600.0 3600.0 3600.0
extension-enforcement_strict_com_200_0.2_1_10_0.wcnf 3.8 6.65 3.45 13.4 1091.3 952.59 3600.0 0.57 3600.0 3600.0 0.51 3600.0 3600.0 3305.81 3600.0
extension-enforcement_strict_com_200_0.1_2_20_2.wcnf 31.81 14.54 8.99 21.33 161.74 164.18 187.37 1.22 105.19 106.75 1.21 3600.0 3600.0 611.93 558.84
extension-enforcement_non-strict_stb_150_0.05_2_8_4.wcnf 3600.0 1096.45 222.42 3600.0 3091.7 2760.21 3600.0 3600.0 3600.0 3600.0 3600.0 3600.0 3600.0 3600.0 3600.0
extension-enforcement_strict_com_150_0.05_3_30_2.wcnf 215.35 34.92 9.61 23.27 413.58 566.25 7.1 1.93 3600.0 2369.35 1.72 3600.0 3600.0 3600.0 3600.0
extension-enforcement_non-strict_stb_200_0.1_2_10_1.wcnf 3600.0 3600.0 1569.47 3600.0 3600.0 3600.0 3600.0 3600.0 3600.0 3600.0 3600.0 3600.0 3600.0 3600.0 3600.0
extension-enforcement_strict_com_150_0.1_2_15_0.wcnf 8.11 11.18 4.47 9.92 14.5 15.21 5.13 0.53 3600.0 3600.0 0.54 3600.0 3600.0 3600.0 3600.0
KARATE.wcnf 0.01 0.01 0.01 0.09 0.01 0.02 0.09 0.02 0.02 0.01 0.02 0.02 0.02 0.02 0.01
FOOTBALL.wcnf 0.03 0.02 0.01 0.12 0.01 0.02 0.12 0.01 0.02 0.01 0.01 0.12 0.14 0.02 0.02
POLITICSBOOK.wcnf 0.03 0.01 0.01 0.11 0.01 0.01 0.11 0.01 0.01 0.01 0.02 0.03 0.03 0.01 0.02
RAILWAY.wcnf 0.04 0.05 0.02 0.16 0.02 0.08 0.14 0.01 0.02 0.04 0.02 0.5 0.85 0.02 0.01
RISKMAP.wcnf 0.02 0.01 0.01 0.1 0.01 0.02 0.09 0.01 0.02 0.02 0.02 0.01 0.01 0.01 0.01
atcoss_mesat_06.wcnf 100.61 428.4 58.91 371.22 377.96 382.0 370.4 82.17 389.25 382.34 81.26 348.63 360.68 3600.0 3600.0
atcoss_sugar_12.wcnf 49.52 26.31 21.6 51.62 156.53 156.2 51.83 18.05 58.2 59.23 18.59 33.28 33.88 481.13 592.34
atcoss_sugar_19.wcnf 87.63 3158.94 105.01 999.93 142.51 143.34 1000.42 153.36 2335.0 2323.41 164.0 3600.0 1629.66 658.3 943.44
atcoss_mesat_05.wcnf 2950.73 3600.0 3600.0 3600.0 3600.0 3600.0 3600.0 3600.0 3600.0 3600.0 3600.0 3600.0 3600.0 3600.0 3600.0
atcoss_sugar_11.wcnf 3.68 14.41 2.84 16.09 26.01 25.96 16.1 2.78 28.68 28.84 2.81 10.25 10.39 40.49 25.73
atcoss_mesat_01.wcnf 44.91 157.89 46.37 199.4 278.28 256.4 198.83 44.8 184.87 195.02 45.44 82.35 71.97 3600.0 2289.87
atcoss_mesat_12.wcnf 8.77 45.85 9.65 59.32 24.52 24.8 59.26 7.85 62.44 62.72 7.89 83.62 74.97 180.94 129.75
atcoss_sugar_06.wcnf 53.93 102.62 43.02 109.48 150.21 140.44 109.36 46.47 85.36 83.23 47.44 62.64 70.24 774.73 684.67
ms_340_20_20-0.wcnf 3600.0 3600.0 1795.13 2064.24 3600.0 3600.0 3600.0 3600.0 3600.0 3600.0 3600.0 3600.0 3600.0 3600.0 3600.0
ms_200_20_12-2.wcnf 1091.69 369.19 556.81 973.24 55.13 136.41 1088.83 160.17 3600.0 2348.62 148.61 1041.92 690.38 3600.0 3600.0
ms_200_32_20-0.wcnf 168.95 136.4 120.69 226.45 3600.0 3600.0 3600.0 607.8 3600.0 3600.0 3600.0 1090.52 2259.12 3600.0 3600.0
ms_200_20_20-1.wcnf 2404.76 860.65 894.97 1472.33 3600.0 3600.0 3600.0 3600.0 3600.0 3600.0 3600.0 3600.0 3600.0 3600.0 3600.0
ms_140_20_20-2.wcnf 3600.0 2910.96 1676.79 2710.04 3600.0 3600.0 3600.0 3600.0 3600.0 3600.0 3600.0 3600.0 3600.0 3600.0 3600.0
ms_200_20_12-1.wcnf 1525.84 610.12 674.44 1091.21 3600.0 3600.0 3600.0 2075.99 3600.0 3600.0 3600.0 3600.0 3600.0 3600.0 3600.0
ms_200_20_14-0.wcnf 75.43 48.94 52.57 135.1 11.29 12.11 199.28 17.35 138.16 231.72 56.19 149.03 99.37 3600.0 3600.0
ms_400_20_20-0.wcnf 117.88 84.32 75.13 142.86 3600.0 1735.55 1404.86 192.88 3600.0 890.81 672.56 115.37 1347.57 3600.0 3600.0
ms_250_20_20-0.wcnf 3600.0 1264.2 1069.67 1929.9 3600.0 3600.0 3600.0 3600.0 3600.0 3600.0 3600.0 3600.0 3600.0 3600.0 3600.0
ms_200_20_12-0.wcnf 3600.0 1448.6 1075.98 1421.93 3600.0 3600.0 3600.0 3600.0 3600.0 3600.0 3600.0 3600.0 3600.0 3600.0 3600.0
ms_200_20_20-2.wcnf 3600.0 2088.28 812.51 1343.08 3600.0 3600.0 3600.0 3600.0 3600.0 3600.0 3600.0 3600.0 3600.0 3600.0 3600.0
ms_350_10_20-0.wcnf 362.57 393.49 235.82 451.16 3600.0 3600.0 3600.0 3600.0 3600.0 3600.0 3600.0 1268.22 3600.0 3600.0 3600.0
ms_140_20_20-1.wcnf 3600.0 1202.16 3600.0 1628.87 3600.0 3600.0 3600.0 3600.0 3600.0 3600.0 3600.0 3600.0 3600.0 3600.0 3600.0
ms_200_20_24-1.wcnf 253.09 193.09 135.51 282.2 3600.0 3600.0 3600.0 3600.0 3600.0 3600.0 3600.0 3048.5 3600.0 3600.0 3600.0
ms_180_20_20-1.wcnf 1557.48 1375.04 847.42 1654.72 3600.0 3600.0 3600.0 3600.0 3600.0 3600.0 3600.0 3600.0 3600.0 3600.0 3600.0
ms_200_14_20-2.wcnf 418.3 295.49 304.92 462.55 3600.0 3600.0 3600.0 3600.0 3600.0 3600.0 3600.0 1432.94 3600.0 3600.0 3600.0
ms_200_20_20-7.wcnf 1020.86 1264.87 803.63 1683.92 1959.95 3600.0 3600.0 283.27 3600.0 3600.0 3600.0 3600.0 3600.0 3600.0 3600.0
ms_200_40_20-2.wcnf 72.61 42.37 43.78 110.06 93.71 127.49 277.58 95.35 248.07 357.44 56.67 103.39 206.12 3600.0 3600.0
ms_350_10_40-0.wcnf 2701.71 1661.64 863.34 1738.41 3600.0 3600.0 3600.0 3600.0 3600.0 3600.0 3600.0 3600.0 3600.0 3600.0 3600.0
ms_180_20_20-0.wcnf 2158.0 2081.07 824.2 1148.16 3600.0 3600.0 3600.0 3600.0 3600.0 3600.0 3600.0 3600.0 3600.0 3600.0 3600.0
ms_250_10_40-1.wcnf 590.45 326.99 1059.11 613.01 3600.0 3600.0 3600.0 3600.0 3600.0 3600.0 3600.0 707.17 3557.67 3600.0 3600.0
ms_220_20_20-1.wcnf 240.44 143.58 119.15 273.21 3600.0 3600.0 3600.0 315.1 3600.0 3388.68 1973.4 436.74 1560.5 3600.0 3600.0
ms_200_22_20-1.wcnf 389.33 324.96 266.45 294.43 3600.0 3600.0 3600.0 3600.0 3600.0 3600.0 3600.0 1231.24 3600.0 3600.0 3600.0
ms_260_20_20-2.wcnf 2992.11 1388.09 965.77 1546.48 3600.0 3600.0 3600.0 3600.0 3600.0 3600.0 3600.0 3600.0 3600.0 3600.0 3600.0
ms_200_36_20-0.wcnf 187.75 138.27 113.67 228.78 3600.0 3600.0 3600.0 598.02 3600.0 3600.0 1244.76 1035.44 1938.79 3600.0 3600.0
ms_200_20_16-0.wcnf 1646.21 807.81 865.2 1385.97 3600.0 3600.0 3600.0 1700.6 3600.0 3600.0 2540.07 3600.0 3600.0 3600.0 3600.0
ms_200_14_20-0.wcnf 3600.0 1714.79 3600.0 3600.0 3600.0 3600.0 3600.0 3600.0 3600.0 3600.0 3600.0 3600.0 3600.0 3600.0 3600.0
ms_120_20_20-0.wcnf 2053.47 738.04 794.53 1165.63 3600.0 3600.0 3600.0 3600.0 3600.0 3600.0 3600.0 3600.0 3600.0 3600.0 3600.0
ms_200_40_20-1.wcnf 3600.0 3303.46 3600.0 3600.0 3600.0 3600.0 3600.0 3600.0 3600.0 3600.0 3600.0 3600.0 3600.0 3600.0 3600.0
ms_200_12_20-1.wcnf 2662.85 3600.0 3600.0 3600.0 3600.0 3600.0 3600.0 3600.0 3600.0 3600.0 3600.0 3600.0 3600.0 3600.0 3600.0
MinFill_R0_mulsol.i.3.wcnf 412.87 343.63 3600.0 268.18 3600.0 3600.0 2214.58 3600.0 3600.0 3600.0 3600.0 3600.0 3600.0 3600.0 3600.0
MinFill_R3_david.wcnf 108.33 35.11 3600.0 422.84 3600.0 3600.0 3600.0 3600.0 3600.0 3600.0 3600.0 3600.0 2540.85 3600.0 3600.0
MinFill_R0_myciel3.wcnf 0.11 0.08 0.03 0.18 0.19 0.19 0.16 0.03 0.13 0.13 0.03 0.23 0.34 2.07 1.11
MinFill_R0_mulsol.i.4.wcnf 424.76 387.57 3600.0 282.69 3600.0 3600.0 1028.06 3600.0 3600.0 3600.0 3600.0 3600.0 3600.0 3600.0 3600.0
MinFill_R0_myciel4.wcnf 3.74 0.91 1.64 0.9 3600.0 3600.0 3.54 5.48 3600.0 3600.0 22.14 252.96 2293.83 3600.0 3600.0
MinFill_R0_miles1500.wcnf 739.38 413.87 3600.0 273.48 3600.0 3600.0 3600.0 561.99 3600.0 3600.0 3600.0 3600.0 3600.0 3600.0 3600.0
synthetic-18.wcnf 0.14 0.58 0.22 25.6 0.14 9.73 25.52 0.6 0.13 1.49 0.6 4.65 27.93 448.11 216.72
synthetic-8.wcnf 0.05 0.02 0.08 11.9 0.06 2.7 11.97 0.26 0.05 0.41 0.26 0.71 7.17 61.78 32.23
synthetic-10.wcnf 0.1 0.05 0.18 44.69 0.11 8.43 47.22 0.92 0.1 1.45 0.93 3.21 19.02 338.8 221.88
synthetic-19.wcnf 0.11 0.07 0.18 47.02 0.11 8.44 45.3 0.92 0.1 1.45 0.93 3.25 21.65 333.76 222.9
synthetic-12.wcnf 0.16 0.07 0.34 66.73 0.16 14.24 67.6 1.37 0.15 2.18 1.4 5.13 31.73 563.95 370.58
real-2.wcnf 1.3 0.51 2.38 10.92 4.71 6.64 11.0 1.13 4.6 4.81 1.13 0.42 0.45 98.12 43.96
synthetic-13.wcnf 0.05 0.05 0.08 5.18 0.06 1.62 5.2 0.13 0.05 0.26 0.13 0.41 3.5 53.29 24.24
synthetic-7.wcnf 0.03 0.01 0.04 2.23 0.03 0.59 2.22 0.06 0.03 0.11 0.06 0.14 1.38 11.62 6.58
synthetic-20.wcnf 0.07 0.23 0.08 3.62 0.33 2.25 3.63 0.1 0.28 0.39 0.1 1.19 9.93 104.67 36.73
synthetic-6.wcnf 0.03 0.01 0.04 2.17 0.03 0.55 2.18 0.06 0.03 0.1 0.06 0.13 1.14 10.93 6.08
synthetic-21.wcnf 0.25 2.25 0.31 41.65 2.89 22.68 41.84 1.11 2.34 3.3 1.1 12.58 101.61 1241.3 498.78
real-5.wcnf 1.65 0.72 3.25 244.85 9.56 183.81 241.86 6.42 9.53 11.6 6.41 111.79 84.7 3600.0 3600.0
synthetic-5.wcnf 0.03 0.04 0.03 1.15 0.03 0.45 1.11 0.03 0.03 0.1 0.03 0.26 1.53 11.27 4.11
scpclr10_maxsat.wcnf 25.63 3600.0 3600.0 3600.0 3600.0 3600.0 3600.0 3600.0 3600.0 3600.0 3600.0 3600.0 3600.0 3600.0 3600.0
ram_k3_n9.ra0.wcnf 0.96 7.24 0.25 2.25 1.17 1.1 0.59 1.1 1.67 1.58 1.08 0.65 3600.0 1.16 0.59
AES1-70-23.wcnf 219.0 22.83 9.5 16.99 130.91 130.19 13.91 9.48 67.04 68.06 3.15 3600.0 3600.0 747.66 1175.99
AES2-74-71.wcnf 3600.0 179.7 140.93 132.77 913.75 880.19 573.99 430.69 1005.55 940.82 127.45 3600.0 3600.0 3600.0 3600.0
AES1-70-22.wcnf 80.0 9.3 1.93 7.77 37.04 36.98 6.03 2.21 37.21 36.8 1.99 3600.0 3600.0 21.65 3.67
AES1-40-6.wcnf 3.1 1.03 1.35 6.25 32.26 32.15 6.06 1.24 28.42 28.42 1.25 0.21 3600.0 0.69 0.54
AES1-30-1.wcnf 2.8 0.36 1.36 5.89 18.13 18.19 5.75 0.95 18.11 18.01 0.95 0.2 119.15 0.67 0.53
AES1-76-39.wcnf 19.72 11.59 13.13 14.32 57.84 57.57 17.9 10.75 40.85 40.55 10.8 3600.0 3600.0 196.74 8.5
AES2-50-53.wcnf 3.75 0.6 1.57 6.41 30.74 30.94 5.83 1.34 28.11 28.02 1.34 3600.0 3600.0 4.67 0.89
AES1-74-33.wcnf 169.03 127.09 20.68 13.43 94.62 93.66 19.52 23.8 89.35 91.62 23.02 3600.0 3600.0 902.77 303.79
AES1-70-25.wcnf 70.41 409.56 2.74 9.22 29.25 29.44 7.56 7.25 22.63 22.68 6.87 3600.0 3600.0 81.82 4.71
AES1-76-38.wcnf 2490.49 323.7 545.48 1389.91 1042.57 817.22 1484.66 3600.0 1777.53 1788.03 3600.0 3600.0 3600.0 3600.0 3600.0
AES2-60-59.wcnf 2.87 0.45 1.37 5.88 49.31 49.59 5.9 0.97 36.5 36.26 0.97 3600.0 3600.0 2.95 1.23
AES2-50-52.wcnf 8.6 2.69 1.67 7.76 28.97 28.76 6.12 1.73 23.5 23.4 1.73 3600.0 3600.0 4.96 0.98
AES1-60-17.wcnf 4.8 1.96 1.47 6.08 34.59 34.64 5.82 1.29 23.44 23.7 1.29 3600.0 3600.0 4.14 2.26
AES1-30-2.wcnf 3.04 0.34 1.37 5.82 25.49 25.56 5.77 0.95 23.26 23.26 0.95 0.2 758.95 0.66 0.53
AES2-70-62.wcnf 3381.48 66.25 9.16 1866.4 3600.0 3600.0 810.29 87.03 2131.85 2155.25 17.9 3600.0 3600.0 3600.0 3600.0
AES2-72-69.wcnf 272.83 38.94 8.31 26.95 476.72 480.24 23.82 14.91 195.64 198.89 5.51 3600.0 3600.0 3600.0 3600.0
AES2-70-63.wcnf 243.23 8.22 20.88 9.38 290.62 287.19 9.33 4.38 230.51 229.08 2.52 3600.0 3600.0 396.69 102.68
AES1-30-3.wcnf 4.46 0.61 1.37 8.11 33.89 33.63 5.69 1.26 26.0 26.05 1.28 3600.0 2860.05 2.79 1.05
AES2-72-70.wcnf 44.81 15.76 2.42 15.81 177.04 178.33 7.11 4.83 43.85 43.39 5.33 3600.0 3600.0 432.88 177.66
rand892_l2.wcnf 0.51 1.39 0.62 4.27 0.38 38.49 3.86 0.38 0.28 40.31 0.4 5.53 3.06 17.0 6.55
rand874_l2.wcnf 1.09 4.69 1.49 6.08 0.65 27.71 4.89 1.05 0.42 25.96 1.07 8.96 5.19 13.74 5.76
rand484_l2.wcnf 1.9 3.22 0.83 3.26 0.39 3.58 2.73 0.54 0.22 2.62 0.57 3.31 2.57 6.79 3.3
rand984_l2.wcnf 5.64 5.78 1.19 5.94 0.6 29.85 4.91 0.81 0.35 24.83 0.8 9.93 7.8 12.54 5.7
ff4a1d84-d490-11df-9e6c-00163e3d3b7c_l3.wcnf 2.79 4.1 1.61 10.83 5.61 22.56 10.43 6.35 3.54 13.72 6.57 5.21 5.76 161.92 63.12
rand172_l2.wcnf 1.43 4.51 1.13 4.96 0.52 18.13 4.14 0.81 0.28 14.08 0.8 6.65 7.88 11.37 4.92
2c3aece6-c8b2-11df-a040-00163e3d3b7c_l3.wcnf 5.56 13.2 9.48 12.61 34.29 30.14 21.2 16.63 12.33 11.97 12.19 13.17 9.91 364.55 142.28
7f80e4f0-4fe9-11e0-acd7-00163e1e087d_l3.wcnf 11.32 7.98 11.35 11.07 15.21 16.3 5.45 4.79 4.35 4.46 5.06 16.32 8.35 80.84 58.09
rand209_l2.wcnf 1.64 4.16 0.96 6.38 0.53 44.59 5.6 0.84 0.31 35.75 0.85 8.68 15.01 20.16 8.3
rand695_l2.wcnf 0.2 1.06 0.39 3.63 0.26 23.42 3.42 0.32 0.21 19.82 0.33 5.08 3.14 10.97 3.74
rand954_l2.wcnf 1.13 3.18 0.75 4.58 0.44 10.8 3.89 0.55 0.24 8.71 0.55 5.85 5.4 10.92 4.79
iris_test_1_DNF_5_1.wcnf 0.01 0.01 0.01 0.09 0.01 0.02 0.09 0.01 0.01 0.01 0.01 0.01 0.01 0.01 0.01
ionosphere_test_0_DNF_5_1.wcnf 0.01 0.01 0.01 0.17 0.01 0.02 0.17 0.01 0.02 0.02 0.01 0.02 0.01 0.02 0.01
pima_train_8_DNF_1_1.wcnf 1.67 0.19 0.08 0.32 0.8 7.02 0.27 0.23 0.39 2.45 0.87 9.62 16.53 8.71 4.61
ilpd_test_2_CNF_4_1.wcnf 0.02 0.01 0.02 0.11 0.01 0.01 0.11 0.01 0.02 0.01 0.01 0.01 0.01 0.01 0.01
drmx-am16-outof-45-etot.wcnf 98.48 1.46 0.61 1.62 0.2 0.26 1.31 24.6 0.27 0.28 3.42 0.11 0.11 63.88 122.98
drmx-am24-outof-55-emtot.wcnf 108.92 3.59 1.37 10.44 0.41 0.41 14.19 560.32 0.36 0.36 147.69 0.18 0.16 1404.33 945.1
drmx-am24-outof-55-ekmtot.wcnf 107.53 7.35 14.69 5.99 0.39 0.39 6.33 181.98 0.39 0.39 115.58 0.17 0.24 154.45 470.42
drmx-am32-outof-70-ekmtot.wcnf 124.07 4.43 647.25 98.93 0.62 0.57 81.51 550.36 0.53 0.6 440.92 0.29 0.25 281.04 1512.83
drmx-am20-outof-50-etot.wcnf 133.89 7.11 2.85 15.27 0.83 0.84 13.61 846.24 0.75 0.82 178.02 0.07 0.08 281.2 414.3
drmx-am12-outof-40-ekmtot.wcnf 6.09 0.92 2.19 0.92 0.1 0.1 1.01 8.29 0.07 0.07 26.36 0.02 0.02 14.83 14.33
drmx-am24-outof-55-ecardn.wcnf 36.29 71.42 39.51 20.94 22.37 21.52 21.21 361.84 22.28 22.35 325.7 4.16 4.26 3600.0 3600.0
drmx-am20-outof-50-esortn.wcnf 26.16 104.29 24.01 48.68 6.73 6.64 40.04 1032.26 13.87 13.92 249.53 2.96 3.2 3469.02 3600.0
drmx-am32-outof-70-eseqc.wcnf 13.49 2.47 9.05 4.16 11.55 11.45 6.19 330.38 8.26 8.23 192.01 0.35 0.51 1467.73 1578.31
drmx-am12-outof-40-etot.wcnf 26.02 1.01 0.96 0.91 0.07 0.07 1.0 1.02 0.07 0.07 0.96 0.02 0.02 44.69 35.08
drmx-am16-outof-45-esortn.wcnf 2.59 4.9 6.31 2.85 0.52 0.51 1.1 20.55 0.56 0.62 17.64 0.51 0.49 2517.61 1712.72
drmx-am12-outof-40-emtot.wcnf 20.3 0.95 3.88 0.89 1.19 1.17 0.66 2.0 0.69 0.7 7.64 0.03 0.02 19.71 8.61
drmx-am20-outof-50-emtot.wcnf 126.11 8.14 1.63 7.38 0.34 0.33 8.68 549.13 0.37 0.36 201.1 0.08 0.09 353.24 391.96
drmx-am24-outof-55-eseqc.wcnf 5.35 1.32 8.65 1.27 0.76 0.75 2.57 60.86 0.47 0.46 46.08 0.19 0.18 207.06 230.98
rsdecoder4.dimacs.filtered.wcnf 3600.0 3600.0 2987.21 3600.0 3600.0 3600.0 3600.0 3600.0 3600.0 3600.0 1284.43 3600.0 3600.0 3600.0 3600.0
c6288-bug-gate-0.dimacs.seq.filtered.wcnf 30.28 3.13 1.01 1.93 0.07 0.04 0.42 0.08 0.11 0.04 0.09 0.45 2.02 0.04 0.03
rsdecoder_multivec1-problem.dimacs_33.filtered.wcnf 3538.97 194.94 33.3 162.25 67.05 92.23 162.95 252.74 21.9 79.44 196.31 3600.0 3600.0 88.41 95.66
fpu3-problem.dimacs_18.filtered.wcnf 2.8 1.26 2.76 15.95 1.63 1.8 15.94 2.76 1.22 1.4 2.74 20.7 53.16 1.47 1.1
rsdecoder1_blackbox_CSEEblock-problem.dimacs_32.filtered.wcnf 478.14 333.18 93.52 408.15 991.77 228.0 407.53 136.78 405.32 375.54 206.24 3600.0 3600.0 208.97 200.15
c2_DD_s3_f1_e2_v1-bug-onevec-gate-0.dimacs.seq.filtered.wcnf 28.82 0.98 1.72 8.84 1.2 1.0 8.85 2.78 0.74 0.83 2.8 409.25 143.59 0.8 0.61
rsdecoder-problem.dimacs_31.filtered.wcnf 3600.0 174.14 43.66 172.8 286.5 340.63 174.76 629.14 226.05 300.11 321.55 2781.6 3600.0 456.21 453.45
rsdecoder-problem.dimacs_34.filtered.wcnf 41.18 2.51 5.8 27.75 4.45 9.6 27.87 12.13 2.36 2.76 11.15 12.9 207.82 9.91 2.09
c5_DD_s3_f1_e1_v1-bug-fourvec-gate-0.dimacs.seq.filtered.wcnf 1.53 1.62 1.59 10.74 1.09 1.25 10.72 1.92 0.89 0.99 1.96 170.85 481.11 1.02 0.77
dividers4.dimacs.filtered.wcnf 3.29 0.85 1.09 6.6 0.55 0.63 6.58 1.56 0.47 0.54 2.13 1.38 8.59 0.5 0.39
divider-problem.dimacs_5.filtered.wcnf 134.07 84.36 9.92 48.4 20.14 32.02 48.61 54.53 19.03 17.45 38.19 47.01 847.17 30.08 16.18
rsdecoder2.dimacs.filtered.wcnf 108.84 17.36 41.72 84.92 26.93 40.89 85.14 43.27 11.81 9.47 45.0 633.61 3600.0 54.29 53.78
c5315-bug-gate-0.dimacs.seq.filtered.wcnf 0.03 0.14 0.04 0.29 0.02 0.02 0.26 0.02 0.01 0.02 0.02 0.09 0.2 0.03 0.02
normalized-clip.b.opb.msat.wcnf 0.07 0.04 0.05 0.29 0.05 0.05 0.23 0.01 0.03 0.03 0.01 0.37 0.55 0.09 0.07
normalized-5xp1.b.opb.msat.wcnf 0.22 0.73 0.34 2.02 0.17 0.17 0.37 1.02 0.11 0.11 0.41 11.49 12.21 1.01 2.83
normalized-count.b.opb.msat.wcnf 0.17 0.16 0.08 0.54 0.03 0.07 0.17 0.05 0.03 0.05 0.11 10.04 14.31 0.13 0.1
normalized-ex5.pi.opb.msat.wcnf 2.21 2531.11 3600.0 2410.28 3600.0 3600.0 3600.0 3600.0 3600.0 3600.0 3600.0 3600.0 3600.0 1847.6 3600.0
normalized-9sym.b.opb.msat.wcnf 0.11 0.05 0.04 0.16 0.05 0.05 0.14 0.01 0.04 0.04 0.01 0.04 0.04 0.05 0.04
normalized-f51m.b.opb.msat.wcnf 0.12 0.54 0.41 0.58 0.13 0.19 0.17 0.06 0.06 0.1 0.04 23.32 44.18 1.28 1.18
normalized-jac3.opb.msat.wcnf 0.38 5.92 1.24 1.39 138.3 135.61 1.89 0.4 427.59 424.77 1.23 3600.0 3600.0 0.29 0.09
normalized-exam.pi.opb.msat.wcnf 0.66 210.07 3600.0 3600.0 3600.0 3600.0 3600.0 3600.0 3600.0 3600.0 3600.0 3600.0 3600.0 3600.0 3600.0
normalized-e64.b.opb.msat.wcnf 0.61 0.5 0.42 0.53 0.36 0.36 0.67 1.42 0.19 0.18 19.04 3600.0 3600.0 12.16 756.65
normalized-apex4.a.opb.msat.wcnf 1.44 7.37 2.62 6.47 0.5 79.17 2.25 0.55 0.22 17.11 0.51 3600.0 3600.0 3600.0 3600.0
normalized-max1024.pi.opb.msat.wcnf 0.97 16.84 3600.0 1400.53 3600.0 3600.0 3600.0 84.15 3600.0 3600.0 3600.0 3600.0 3600.0 3600.0 3600.0
normalized-rot.b.opb.msat.wcnf 0.5 9.44 1567.07 341.03 983.68 172.62 972.0 3600.0 3600.0 112.65 3600.0 3600.0 3600.0 3600.0 3600.0
normalized-bench1.pi.opb.msat.wcnf 1.7 3600.0 3600.0 3600.0 3600.0 3600.0 3600.0 3600.0 3600.0 3600.0 3600.0 3600.0 3600.0 3600.0 3600.0
normalized-sao2.b.opb.msat.wcnf 0.2 0.04 0.03 0.16 110.18 113.72 0.14 0.02 43.62 44.21 0.01 328.7 615.52 0.02 0.02
normalized-alu4.b.opb.msat.wcnf 0.75 3600.0 3600.0 3600.0 3600.0 3600.0 3600.0 3600.0 3600.0 3600.0 3600.0 3600.0 3600.0 3600.0 3600.0
normalized-prom2.pi.opb.msat.wcnf 0.43 3.58 3600.0 3600.0 288.69 3600.0 3600.0 3600.0 1303.4 3600.0 2227.52 3600.0 3600.0 3600.0 3600.0
MultiDay_0.wcnf 101.6 3600.0 3600.0 3600.0 3600.0 3600.0 3600.0 3600.0 3600.0 3600.0 3600.0 3600.0 3600.0 3600.0 3600.0
SingleDay_2.wcnf 5.84 249.52 3600.0 3600.0 3600.0 3600.0 3600.0 3600.0 3600.0 3600.0 3600.0 3600.0 3600.0 3600.0 3600.0
SingleDay_2_weighted.wcnf 5.85 250.06 3600.0 3600.0 3600.0 3600.0 3600.0 3600.0 3600.0 3600.0 3600.0 3600.0 3600.0 3600.0 3600.0
MultiDay_0_weighted.wcnf 101.0 3600.0 3600.0 3600.0 3600.0 3600.0 3600.0 3600.0 3600.0 3600.0 3600.0 3600.0 3600.0 3600.0 3600.0
GenHyperTW_dubois29.wcnf 3600.0 3600.0 1404.58 3600.0 365.92 372.41 3600.0 3600.0 3600.0 3600.0 3600.0 3600.0 3600.0 793.47 3600.0
GenHyperTW_dubois30.wcnf 3600.0 3600.0 3600.0 3600.0 758.58 784.76 3600.0 3600.0 3600.0 3600.0 3600.0 3600.0 3600.0 2258.61 3600.0
GenHyperTW_dubois20.wcnf 345.21 2084.92 579.66 2795.15 235.53 229.78 2810.43 2175.78 3000.81 2979.33 2187.45 3600.0 3600.0 533.88 3600.0
GenHyperTW_dubois27.wcnf 2344.54 3600.0 2595.36 3600.0 393.04 409.89 3600.0 3600.0 3600.0 3600.0 3600.0 3600.0 3600.0 3438.14 3600.0
GenHyperTW_s27.wcnf 0.08 0.03 0.04 0.26 0.17 0.17 0.26 0.03 0.17 0.17 0.03 0.03 0.02 0.05 0.05
GenHyperTW_b06.wcnf 175.29 118.52 264.13 136.95 230.69 231.21 209.85 313.67 231.11 243.52 315.68 80.45 157.72 1752.2 3600.0
GenHyperTW_dubois24.wcnf 841.06 3021.55 331.08 3600.0 137.83 176.79 3600.0 2183.97 3600.0 3600.0 2147.09 3600.0 3600.0 540.02 3600.0
1knt_.2knt_.g.wcnf.t.wcnf 27.99 1.78 19.3 15.45 2.63 3.78 16.0 21.72 4.02 3.88 24.78 2.22 1.72 3600.0 3600.0
3ebx_.1era_.g.wcnf.t.wcnf 180.73 70.96 219.61 236.76 265.55 141.52 173.9 696.51 566.86 641.66 3600.0 160.19 113.34 3600.0 3600.0
2knt_.5pti_.g.wcnf.t.wcnf 101.79 35.76 84.05 77.2 153.4 95.7 52.05 358.46 132.42 99.7 3600.0 58.83 66.03 3600.0 3600.0
3ebx_.6ebx_.g.wcnf.t.wcnf 61.84 7.88 21.38 19.75 16.7 11.8 19.69 48.09 52.07 34.39 305.48 10.36 9.37 3600.0 3600.0
1vii_.1cph_.g.wcnf.t.wcnf 1.34 0.02 0.09 0.23 0.04 0.03 0.23 0.09 0.04 0.04 0.09 0.02 0.01 2.73 0.57
1bpi_.2knt_.g.wcnf.t.wcnf 253.84 75.37 197.88 170.78 156.03 185.57 121.93 335.57 629.36 188.22 3600.0 72.47 80.88 3600.0 3600.0
1knt_.1bpi_.g.wcnf.t.wcnf 172.76 50.7 211.39 113.55 371.33 192.54 74.6 392.42 345.29 278.0 3600.0 85.52 111.15 3600.0 3600.0
1knt_.5pti_.g.wcnf.t.wcnf 86.8 31.89 60.75 116.67 172.98 71.44 53.33 281.21 73.61 122.58 3600.0 46.5 57.65 3600.0 3600.0
sandiaprotein.g.wcnf.t.wcnf 299.2 19.71 60.76 49.77 128.21 100.43 41.8 202.12 204.62 138.69 3600.0 44.6 36.64 3600.0 3600.0
6ebx_.1era_.g.wcnf.t.wcnf 160.0 41.3 49.56 59.16 88.99 71.21 44.17 226.93 70.09 96.04 3600.0 39.07 33.39 3600.0 3600.0
1bpi_.5pti_.g.wcnf.t.wcnf 148.12 17.97 107.09 64.81 64.3 48.3 62.54 259.23 115.89 76.51 3600.0 27.35 27.66 3600.0 3600.0
p1.wcnf.t.wcnf 165.35 75.22 131.53 136.36 136.05 136.41 78.65 358.0 362.58 245.5 3600.0 74.51 71.45 3600.0 3600.0
s38584_nan_explicit_14_0.wcnf 638.42 529.8 1345.64 393.46 2421.51 1902.78 400.69 802.32 723.43 859.19 686.85 2389.25 3600.0 3600.0 3600.0
s38584_nan_explicit_35_0.wcnf 222.63 113.17 34.37 66.15 80.02 60.0 25.43 45.42 37.12 23.93 36.79 11.17 186.53 322.81 524.35
s00641_nan_explicit_3_0.wcnf 0.1 0.09 0.13 1.11 0.17 0.17 1.11 0.05 0.16 0.16 0.05 0.07 0.06 1.26 0.66
s38584_nan_explicit_12_0.wcnf 532.56 271.22 198.82 180.89 692.5 909.64 75.6 114.62 112.05 155.95 242.07 286.48 3600.0 3600.0 3352.37
s38417_nan_explicit_13_0.wcnf 0.46 0.21 0.59 3.97 0.84 0.95 3.97 0.24 0.83 0.89 0.24 0.23 0.19 7.72 4.26
s38417_nan_explicit_16_0.wcnf 0.36 0.18 0.48 3.01 0.68 0.73 3.01 0.23 0.62 0.67 0.23 0.21 0.2 5.21 2.86
s01423_nan_explicit_9_0.wcnf 0.18 0.1 0.26 1.82 0.22 0.22 1.92 0.14 0.21 0.21 0.13 0.11 0.08 2.7 1.44
s38584_nan_explicit_29_0.wcnf 138.05 111.8 31.86 65.97 177.46 123.86 39.48 39.54 36.56 34.31 79.07 33.0 67.15 1728.17 777.37
s38584_nan_explicit_47_0.wcnf 74.83 65.42 32.0 46.15 20.58 53.02 21.67 21.4 15.87 21.48 23.35 14.55 22.92 41.99 11.69
s38584_nan_explicit_30_0.wcnf 172.66 119.58 38.29 78.42 508.46 119.71 82.57 119.73 67.34 47.55 72.4 35.51 1956.07 3600.0 3276.71
p_hat500-1.clq.wcnf 21.21 14.29 3.76 78.48 536.79 705.95 64.33 75.2 408.76 357.14 3600.0 837.51 943.44 658.64 1032.28
mul_8_3.wcnf 725.46 3600.0 3600.0 3600.0 3600.0 3600.0 3600.0 3600.0 3600.0 3600.0 3600.0 3600.0 3600.0 3600.0 3600.0
sbox_4.wcnf 0.8 0.33 1.68 0.36 0.17 0.17 0.42 0.32 0.13 0.13 0.51 1133.67 1917.73 0.62 0.19
meltdown_min.wcnf 1115.09 3600.0 1259.31 1700.81 1742.45 1804.86 3029.27 653.96 901.13 847.8 3318.38 580.84 489.32 3600.0 3600.0
spectre_min.wcnf 2355.11 3600.0 1569.45 1593.67 3600.0 3600.0 3600.0 1852.52 3600.0 3600.0 3600.0 1514.55 1773.06 3600.0 3600.0
flush_reload_min.wcnf 352.7 340.5 225.26 678.73 261.98 275.99 481.0 292.61 257.84 292.39 3600.0 179.42 138.3 3600.0 3600.0
b21_C-mbd14-0260.wcnf 57.16 3.49 2.58 5.3 2.89 2.87 1.71 1.6 2.94 2.98 1.39 215.03 140.32 10.72 19.2
b21_C-mbd14-0203.wcnf 46.79 6.86 2.63 5.12 17.17 17.46 3.21 8.26 8.32 8.18 130.79 530.73 1016.8 37.9 16.62
b20_C-mbd14-0202.wcnf 9.73 2.28 0.71 1.9 1.37 1.35 1.05 0.34 1.17 1.13 0.33 7.39 13.22 0.35 0.23
b22_C-mbd14-0232.wcnf 65.05 5.13 1.97 3.73 1.46 1.93 1.7 1.14 1.75 1.58 1.35 118.22 114.0 2.39 1.34
b21_C-mbd14-0236.wcnf 103.11 28.96 11.28 30.38 31.95 32.55 61.11 50.36 23.47 23.08 131.01 1303.41 1728.97 736.46 314.67
b20_C-mbd14-0257.wcnf 35.85 2.56 1.37 2.54 1.54 1.54 1.48 0.64 1.25 1.27 0.61 22.99 24.27 4.04 0.57
b21_C-mbd14-0361.wcnf 40.02 3.15 1.1 2.66 1.82 1.82 1.25 0.81 1.24 1.25 0.64 132.93 83.65 4.05 3.9
b22_C-mbd14-0215.wcnf 33.29 3.63 1.74 3.31 0.97 1.33 1.62 0.69 0.93 1.34 0.64 28.76 30.19 0.56 0.35
b20_C-mbd14-0332.wcnf 85.38 8.93 2.14 10.55 6.97 7.0 3.59 2.83 4.11 4.03 5.17 90.23 107.02 57.78 34.79
b22_C-mbd14-0300.wcnf 16.16 2.91 1.21 3.47 0.92 1.11 1.57 0.55 0.88 1.05 0.57 10.22 7.9 0.57 0.33
b20_C-mbd14-0251.wcnf 38.69 2.38 0.99 2.07 1.49 1.48 1.16 0.43 1.19 1.16 0.48 246.15 143.97 0.97 0.91
b22_C-mbd14-0279.wcnf 121.76 5.45 1.82 4.74 1.46 4.18 1.8 1.02 1.21 2.5 1.04 44.36 58.21 1.26 1.56
flags.wcnf 3.73 0.44 1.0 1.22 3.81 3.81 0.85 0.39 4.02 4.03 0.39 0.17 0.18 1.07 0.38
new-thyroid.wcnf 46.95 3.79 21.85 5.37 9.67 253.33 8.05 33.01 11.65 780.49 3600.0 3600.0 3600.0 940.91 317.74
hayes-roth.wcnf 55.4 32.04 10.54 11.09 5.31 5.25 4.38 5.38 2.37 2.37 2393.49 5.52 3.62 103.91 76.16
backache.wcnf 0.12 0.25 0.36 1.51 0.08 0.2 1.44 11.37 0.12 0.18 11.42 3600.0 3600.0 7.36 4.28
hepatitis.wcnf 84.31 347.24 305.04 502.43 3600.0 3600.0 3600.0 3600.0 3600.0 3600.0 3600.0 3600.0 3600.0 3600.0 3600.0
zoo.wcnf 0.08 0.06 0.03 0.2 0.04 0.06 0.18 0.02 0.04 0.05 0.02 0.05 0.04 0.04 0.03
shuttleM.wcnf 3600.0 504.56 1785.47 2391.58 3600.0 3600.0 3600.0 3600.0 3600.0 3600.0 3600.0 3600.0 3600.0 3600.0 3600.0
TWComp_oesoca4_N42.wcnf 1.0 0.16 1.21 2.35 28.7 28.24 2.37 0.41 29.09 28.26 0.4 0.1 0.08 0.4 0.26
TWComp_david-pp_N29.wcnf 0.68 1.55 4.03 4.36 6.33 6.15 4.38 1.05 5.55 5.57 1.05 1.91 1.16 98.33 19.9
TWComp_hailfinder_N56.wcnf 2.51 0.3 1.38 5.45 17.64 16.3 5.4 1.06 17.79 16.49 1.07 0.34 0.26 1.24 0.79
TWComp_barley2_N48.wcnf 3.07 1.62 3.66 5.11 82.06 82.55 5.15 2.03 71.67 70.53 2.04 2.02 2.09 62.06 6.1
TWComp_oesoca_N39.wcnf 0.78 0.11 0.95 1.89 22.54 22.48 1.88 0.31 25.42 25.42 0.31 0.08 0.07 0.3 0.21
TWComp_mildew_35.wcnf 0.54 0.08 0.29 1.41 10.64 10.62 1.4 0.21 10.57 10.55 0.21 0.09 0.08 0.45 0.19
TWComp_mulsol.i.5-pp_N119.wcnf 395.49 3600.0 3154.92 3186.42 317.72 328.34 3179.54 1387.44 3600.0 3600.0 1391.79 3600.0 159.53 3600.0 3600.0
TWComp_barley-pp_N26.wcnf 0.33 0.24 0.28 0.77 2.98 3.05 0.75 0.21 2.84 2.88 0.21 0.4 0.2 3.44 0.81
TWComp_mainuk_N48.wcnf 1.58 0.29 2.03 3.54 53.87 56.32 3.49 0.71 55.3 56.21 0.71 0.25 0.23 1.32 0.53
TWComp_eil51.tsp_N51.wcnf 1217.33 3600.0 2677.62 1948.37 1237.17 2346.48 1938.61 2655.72 3600.0 595.94 2652.7 1705.86 323.41 3600.0 3600.0
TWComp_huck_N74.wcnf 7.18 1.09 3.99 12.71 18.47 18.93 12.73 3.41 18.05 18.1 3.38 0.79 0.75 12.15 3.29
TWComp_david_N87.wcnf 21.94 24.15 51.2 32.81 25.95 26.48 32.53 13.13 14.61 15.82 13.3 9.64 9.03 1400.15 1342.86
ac97_ctrl-debug.dimacs.wcnf 1.23 0.46 0.82 7.62 0.51 0.63 6.88 0.96 0.46 0.55 0.96 0.88 14.57 0.51 0.38
mrisc-debug.dimacs.wcnf 23.58 8.94 13.05 64.26 4.12 4.92 63.99 24.11 3.54 4.17 24.08 15.15 433.59 4.16 3.11
spi-debug.dimacs.wcnf 72.16 13.46 17.44 74.61 13.34 6.34 74.46 59.4 7.18 5.58 62.14 39.41 691.06 6.02 4.88
mem_ctrl-debug.dimacs.wcnf 5.46 1.37 2.61 31.68 1.69 1.94 18.84 3.83 1.46 1.74 3.86 2.91 34.62 1.49 1.28
sudoku-debug.dimacs.wcnf 21.32 8.86 13.75 62.23 4.05 5.18 62.06 25.0 3.85 4.03 25.12 11.79 574.87 4.5 3.77
rsdecoder-debug.dimacs.wcnf 28.58 138.45 33.14 85.31 4.46 5.58 85.33 34.08 3.75 4.66 34.11 13.99 3600.0 4.78 3.51
wb-debug.dimacs.wcnf 59.7 16.67 6.56 353.65 4.62 5.83 41.77 37.69 3.15 4.35 41.16 3600.0 3600.0 5.23 3.73
vga-debug.dimacs.wcnf 6.43 1.87 3.6 54.84 2.3 2.62 25.95 3.85 2.0 2.34 3.86 6.88 44.88 2.07 1.73
divider-debug.dimacs.wcnf 7.06 2.19 3.12 752.88 1.89 2.18 23.84 8.09 1.69 1.98 8.09 3.83 117.7 1.7 1.45
normalized-mps-v2-20-10-stein27.opb.msat.wcnf 2.4 0.08 0.08 0.17 0.56 0.57 0.16 0.34 0.33 0.33 0.15 0.19 0.14 2.07 0.57
normalized-par8-5.opb.msat.wcnf 0.01 0.02 0.01 0.3 3.32 3.32 0.3 0.01 3.39 3.4 0.01 0.01 0.08 0.15 0.12
normalized-par16-3.opb.msat.wcnf 0.26 0.5 0.72 1.77 0.28 0.83 1.73 0.74 0.08 0.72 0.73 0.52 0.82 42.51 206.54
normalized-mps-v2-20-10-stein45.opb.msat.wcnf 93.92 51.92 24.48 46.35 64.74 63.64 44.7 128.27 27.79 27.81 144.91 10.61 8.58 548.55 138.04
normalized-mps-v2-20-10-stein9.opb.msat.wcnf 0.02 0.01 0.02 0.09 0.01 0.01 0.09 0.01 0.01 0.02 0.02 0.01 0.02 0.02 0.01
normalized-g7x7.opb.msat.wcnf 0.02 0.01 0.01 0.1 0.01 0.01 0.1 0.01 0.01 0.01 0.01 0.02 0.01 0.01 0.01
MANN_a9.clq.wcnf 0.03 0.01 0.01 0.1 0.01 0.01 0.09 0.02 0.01 0.02 0.01 0.01 0.02 0.01 0.02
c-fat500-1.clq.wcnf 102.06 4.45 0.48 1.62 17.37 107.97 1.61 0.66 17.27 64.78 77.24 0.64 0.86 2465.38 3443.81
san200_0.9_3.clq.wcnf 2.74 0.01 2.72 7.88 1932.19 0.09 17.4 3600.0 991.73 0.07 3600.0 3600.0 3600.0 3600.0 3600.0
brock200_4.clq.wcnf 158.17 78.6 138.15 99.22 601.37 254.99 126.11 901.28 356.03 102.22 3600.0 1125.3 517.83 3600.0 3600.0
san200_0.7_2.clq.wcnf 0.03 0.02 0.04 0.19 15.81 0.18 0.2 1418.48 5.19 0.14 1211.19 3600.0 3600.0 3600.0 3600.0
p_hat300-2.clq.wcnf 117.65 22.68 12.93 11.53 391.87 388.24 12.04 923.28 591.93 589.01 1639.0 372.69 973.07 3600.0 3600.0
c-fat500-10.clq.wcnf 1.42 0.42 0.29 1.65 10.84 20.24 1.66 0.22 11.14 15.94 2.01 0.27 1.31 3.63 23.39
san400_0.7_1.clq.wcnf 0.23 0.12 9.1 5.21 409.05 0.99 4.12 3600.0 120.86 0.68 3600.0 3600.0 3600.0 3600.0 3600.0
c-fat200-5.clq.wcnf 7.98 0.06 0.04 0.31 0.35 0.74 0.31 0.03 0.36 0.58 0.17 0.04 0.07 0.2 0.54
gen_alldiff_ladder_5_991.wcnf 2.56 0.79 3.1 6.29 7.1 7.06 6.08 1.87 7.0 7.0 1.87 3600.0 3600.0 2.16 2.03
gen_mult_4_4_991.wcnf 11.14 74.29 3600.0 3600.0 3600.0 3600.0 3600.0 3600.0 3600.0 3600.0 3600.0 3600.0 3600.0 197.03 1527.78
gen_add_6_399.wcnf 121.24 11.33 27.0 11.68 3600.0 3600.0 5.99 2.47 136.17 133.32 4.11 3600.0 3600.0 57.13 68.49
gen_add_4_carry_991.wcnf 208.31 711.49 3600.0 3600.0 3600.0 3600.0 3600.0 2058.92 3600.0 3600.0 3600.0 3600.0 3600.0 76.78 3600.0
gen_mult_3_6_991.wcnf 71.68 3600.0 3600.0 3600.0 3600.0 3600.0 3600.0 3600.0 3600.0 3600.0 3600.0 3600.0 3600.0 3600.0 3600.0
gen_cvc-add7to3_991.wcnf 5.24 3600.0 3600.0 3600.0 3600.0 3600.0 3600.0 3600.0 3600.0 3600.0 3600.0 3600.0 3600.0 3600.0 3600.0
gen_square_5_991.wcnf 76.38 3043.42 3600.0 3600.0 3600.0 3600.0 3600.0 3600.0 3600.0 3600.0 3600.0 3600.0 3600.0 3600.0 3600.0
p15.wcnf 63.88 27.01 6.95 15.88 62.64 62.03 8.36 4.28 56.85 57.19 10.16 17.65 10.34 291.85 44.93
pesp_5min.wcnf 3600.0 3600.0 3600.0 3600.0 3600.0 3600.0 3600.0 3600.0 3600.0 3600.0 3600.0 980.71 1725.15 3600.0 3600.0
dp43.wcnf 58.35 20.34 18.36 48.19 12.2 28.74 47.43 14.48 4.69 5.99 17.26 37.98 20.32 344.25 61.72
wolfram72_4.wcnf 11.84 3.61 7.66 208.02 33.35 3600.0 208.31 5.05 18.25 3600.0 5.02 3600.0 3600.0 195.56 57.24
wolfram80_9.wcnf 5.77 10.51 9.51 314.3 45.36 3600.0 313.35 9.46 37.76 3600.0 9.45 3600.0 3600.0 163.45 76.51
threshold128_4.wcnf 4.21 20.97 23.73 79.37 163.77 3600.0 78.72 142.71 32.7 3600.0 146.71 3600.0 3600.0 194.44 137.32
wolfram80_0.wcnf 91.56 97.17 47.79 324.15 270.15 3600.0 326.88 56.16 34.62 3600.0 55.94 3600.0 3600.0 1863.36 222.53
wolfram72_0.wcnf 6.93 6.15 5.55 201.9 30.72 3600.0 199.33 1.27 14.97 3600.0 1.26 3600.0 3600.0 123.16 60.97
wolfram72_9.wcnf 26.61 6.12 5.66 218.46 43.68 3600.0 215.4 13.94 36.25 3600.0 13.85 3600.0 3600.0 394.16 80.09
geffe128_9.wcnf 44.18 14.58 23.2 30.23 80.81 3600.0 30.36 24.29 34.82 3600.0 23.95 3600.0 3600.0 171.28 73.82
wolfram80_6.wcnf 6.05 32.4 6.73 321.98 49.06 3600.0 310.55 20.74 34.47 3600.0 21.4 3600.0 3600.0 1547.65 253.43
g3_n116e116_n161e163_n197e197.wcnf 3600.0 2974.93 3600.0 3600.0 2385.51 1984.78 3600.0 3600.0 3600.0 3600.0 3600.0 3600.0 3600.0 3600.0 3600.0
g2_n15e13_n22e31.wcnf 5.35 144.28 206.44 396.69 225.02 123.65 406.48 3600.0 206.71 370.31 3600.0 568.34 629.16 409.58 3600.0
g2_n122e140_n368e460.wcnf 22.14 3.73 8.52 22.45 9.49 13.58 23.22 7.53 2.75 3.8 9.62 61.78 89.42 3600.0 3600.0
g3_n57e75_n59e78_n65e72.wcnf 26.82 9.79 9.03 6.61 37.31 92.27 44.06 15.95 98.37 77.02 746.55 91.68 213.67 3600.0 3600.0
g2_n116e116_n197e197.wcnf 24.84 6.39 14.79 36.94 33.44 21.57 36.33 12.45 3.38 4.37 12.65 85.64 198.87 3600.0 803.84
g3_n55e66_n56e66_n89e110.wcnf 192.94 26.29 42.62 29.82 42.82 33.63 137.95 30.03 344.45 225.07 328.44 163.82 160.89 3600.0 3600.0
g2_n45e48_n53e64.wcnf 75.61 28.59 22.77 25.09 45.07 34.9 25.63 53.45 110.72 41.43 138.16 95.25 141.11 3600.0 3600.0
g2_n56e57_n61e85.wcnf 129.35 217.19 58.45 259.55 119.67 99.29 273.27 221.51 341.47 198.03 781.33 423.32 290.68 3600.0 3600.0
normalized-aim-200-2_0-yes1-2.wcnf 0.01 0.02 0.01 0.15 0.02 0.01 0.15 0.01 0.01 0.01 0.01 0.02 0.02 0.5 0.25
normalized-par16-5.wcnf 0.2 0.43 0.54 1.85 0.84 0.62 1.77 0.66 0.19 0.87 0.73 0.28 0.64 25.34 653.0
apex2_Fv21@1.wcnf 0.02 0.01 0.01 0.12 0.02 0.02 0.12 0.01 0.01 0.02 0.02 0.01 0.02 0.03 0.01
alu4_Fk@0.wcnf 0.37 0.16 0.1 0.42 0.22 0.22 0.33 0.09 0.19 0.2 0.07 0.08 0.08 0.49 0.27
SU3__simp-genos.haps.32.wcnf 0.06 0.01 0.03 0.23 0.04 0.04 0.23 0.02 0.04 0.04 0.02 0.01 0.01 0.11 0.05
normalized-fir07_area_partials.wcnf 0.02 0.01 0.01 0.1 0.01 0.01 0.1 0.01 0.01 0.01 0.02 0.01 0.01 0.01 0.01
SU1__simp-genos.haps.71.wcnf 0.46 0.11 0.19 0.83 0.77 0.84 0.83 0.18 0.77 0.8 0.14 0.17 0.11 1.21 0.5
splitedReads_0.matrix.wcnf 3600.0 1032.65 1090.04 183.56 3600.0 3600.0 691.41 3600.0 3600.0 3600.0 3600.0 3600.0 3600.0 3600.0 3600.0
splitedReads_160.matrix.wcnf 11.71 7.73 2.63 5.6 0.86 2.55 2.95 2.08 0.6 1.92 1.91 53.91 10.08 1.64 0.63
splitedReads_18.matrix.wcnf 7.85 3.95 1.55 2.93 1.14 1.2 1.72 1.05 1.01 0.99 1.15 47.66 8.75 0.81 0.32
splitedReads_414.matrix.wcnf 11.89 5.46 1.91 3.85 1.61 1.62 2.1 1.64 1.5 1.49 1.47 43.59 10.12 1.05 0.39
splitedReads_137.matrix.wcnf 2.02 2.6 0.93 1.99 0.79 0.82 1.23 0.66 0.66 0.66 0.63 23.2 5.76 0.44 0.19
splitedReads_158.matrix.wcnf 10.8 6.69 2.19 4.69 0.73 4.65 2.41 1.65 0.52 2.08 1.69 46.77 12.38 1.31 0.52
mrisc_mem2wire.wcnf 81.16 109.49 22.05 101.56 94.62 81.99 95.94 25.85 65.27 66.27 19.74 56.91 56.06 462.97 125.9
spi.wcnf 5.47 13.34 7.94 11.27 14.1 13.43 17.98 2.49 12.54 10.77 2.75 3.4 3.65 450.3 240.73
ctrl.wcnf 0.52 0.47 0.14 0.83 0.44 0.42 0.8 0.1 0.3 0.29 0.16 0.14 0.13 31.35 57.34
sudoku.wcnf 24.07 40.97 6.49 56.66 9.31 8.17 36.53 4.15 11.73 9.36 3.76 3.14 6.32 49.99 70.17
