0.24 0.18 0.26 1.64 0.28 0.32 1.64 0.17 0.28 0.3 0.16 0.09 0.15 0.33 0.23 f 0 0 0 0 0 0 0 0 0 1 0 1 1 0 0 0 1 0 0 1 0 1 0 1 0 0 1 0 0 0 1 0 0 0 0 0 0 1 1 0 1 0 1 0
27.53 13.28 32.94 13.66 15.17 14.14 8.95 8.22 5.41 11.37 136.05 6.81 6.91 3600.0 1285.85 f 0 0 0 0 0 0 0 0 0 0 0 0 1 0 0 0 0 0 0 0 0 0 0 0 0 0 1 0 0 0 0 0 0 0 0 0 0 1 1 0 0 0 0 1
36.42 7.1 3.7 6.86 3.95 11.01 5.28 3.33 1.37 8.85 19.92 4.72 4.81 66.79 28.21 f 0 0 0 0 0 0 0 0 0 0 0 0 1 0 0 0 0 0 0 0 0 0 0 0 0 0 1 0 0 0 0 0 0 0 0 0 0 1 1 0 0 0 0 1
1177.18 249.59 518.55 309.01 448.04 920.57 446.39 308.59 213.88 408.79 757.43 182.97 312.94 3600.0 3600.0 f 1 0 0 0 0 0 0 0 0 0 0 0 1 0 0 0 0 0 0 0 0 0 0 0 0 0 1 0 0 0 0 0 0 0 0 0 0 1 1 0 0 0 1 1
3600.0 3600.0 3600.0 3600.0 1456.35 1462.01 3600.0 3600.0 1799.37 1839.71 3600.0 1848.47 2795.47 3600.0 3600.0 f 0 0 0 0 0 0 0 0 0 0 0 0 1 0 0 0 0 0 0 0 0 0 0 0 0 0 1 0 0 0 0 0 0 0 0 0 0 1 1 0 0 0 1 1
3600.0 3600.0 3600.0 3600.0 3600.0 652.9 3600.0 3600.0 3600.0 1172.84 3600.0 887.32 1540.77 3600.0 3600.0 f 0 0 0 0 0 0 0 0 0 0 0 0 1 0 0 0 0 0 0 0 0 0 0 0 0 0 1 0 0 0 0 0 0 0 0 0 0 1 1 0 0 0 1 1
3600.0 3600.0 3600.0 3600.0 3600.0 2019.6 3600.0 3600.0 3600.0 3375.76 3600.0 380.57 556.28 3600.0 3600.0 f 0 0 0 0 0 0 0 0 0 0 0 0 1 0 0 0 0 0 0 0 0 0 0 0 0 0 1 0 0 0 0 0 0 0 0 0 0 1 1 0 0 0 1 1
3600.0 3600.0 3600.0 3600.0 3379.66 3336.69 3600.0 3600.0 2693.28 2675.3 3600.0 3260.42 3600.0 3600.0 3600.0 f 1 0 0 0 0 0 0 0 0 0 0 0 1 0 0 0 0 0 0 0 0 0 0 0 0 0 1 0 0 0 0 0 0 0 0 0 0 1 1 0 0 0 1 1
643.16 623.82 3600.0 3600.0 1665.76 269.69 2765.57 1321.17 3298.92 215.98 3600.0 204.42 269.51 3600.0 3600.0 f 0 0 0 0 0 0 0 0 0 0 0 0 1 0 0 0 0 0 0 0 0 0 0 0 0 0 1 0 0 0 0 0 0 0 0 0 0 1 1 0 0 0 1 1
36.1 6.92 3.99 6.85 5.49 11.58 5.25 3.83 3.15 9.64 10.56 5.11 4.91 3600.0 3600.0 f 0 0 0 0 0 0 0 0 0 0 0 0 1 0 0 0 0 0 0 0 0 0 0 0 0 0 1 0 0 0 0 0 0 0 0 0 0 1 1 0 0 0 0 1
886.14 136.38 139.41 118.8 534.17 289.2 143.24 141.25 223.61 166.33 262.81 129.83 136.58 3600.0 3600.0 f 1 0 0 0 0 0 0 0 0 0 0 0 1 0 0 0 0 0 0 0 0 0 0 0 0 0 1 0 0 0 0 0 0 0 0 0 0 1 1 0 0 0 1 1
23.98 8.15 19.74 7.47 8.35 9.73 6.46 5.32 310.25 8.57 318.25 4.65 5.2 3600.0 2985.45 f 0 0 0 0 0 0 0 0 0 0 0 0 1 0 0 0 0 0 0 0 0 0 0 0 0 0 1 0 0 0 0 0 0 0 0 0 0 1 1 0 0 0 0 1
34.55 16.69 13.61 13.01 13.15 3600.0 10.83 12.12 7.86 13.71 11.36 12.74 13.64 1884.23 3600.0 f 0 0 0 0 0 0 0 0 0 0 0 0 1 0 0 0 0 0 0 0 0 0 0 0 0 0 1 0 0 0 0 0 0 0 0 0 0 1 1 0 0 0 0 1
3600.0 716.18 1370.36 1450.14 1829.0 1219.39 968.92 1971.19 1141.54 856.21 1927.26 680.57 851.52 3600.0 3600.0 f 1 0 0 0 0 0 0 0 0 0 0 0 1 0 0 0 0 0 0 0 0 0 0 0 0 0 1 0 0 0 0 0 0 0 0 0 0 1 1 0 0 0 1 1
36.25 11.5 272.07 9.94 12.31 14.13 8.12 6.78 5.12 11.37 25.24 5.94 5.98 3600.0 3600.0 f 0 0 0 0 0 0 0 0 0 0 0 0 1 0 0 0 0 0 0 0 0 0 0 0 0 0 1 0 0 0 0 0 0 0 0 0 0 1 1 0 0 0 0 1
3600.0 3600.0 3600.0 3600.0 1549.4 1528.66 3600.0 3600.0 1828.49 1831.13 3600.0 1009.68 1012.98 3600.0 3600.0 f 0 0 0 0 0 0 0 0 0 0 0 0 1 0 0 0 0 0 0 0 0 0 0 0 0 0 1 0 0 0 0 0 0 0 0 0 0 1 1 0 0 0 1 1
21.2 8.9 380.59 7.15 6.62 10.75 5.07 3.98 2.89 8.6 4.97 4.64 4.04 1821.01 3600.0 f 0 0 0 0 0 0 0 0 0 0 0 0 1 0 0 0 0 0 0 0 0 0 0 0 0 0 1 0 0 0 0 0 0 0 0 0 0 1 1 0 0 0 0 1
1184.05 684.12 582.88 3600.0 2762.19 2765.78 3600.0 206.77 3600.0 3600.0 1348.1 3316.68 1972.61 3600.0 3600.0 f 1 1 0 0 0 0 0 0 0 1 0 0 0 0 0 0 0 0 0 1 0 0 0 1 0 1 1 0 0 0 0 0 0 0 0 0 1 0 1 0 1 0 0 0
345.9 371.47 39.64 364.24 308.93 319.43 170.26 47.92 256.42 266.66 149.17 304.75 267.49 3600.0 3600.0 f 1 1 0 0 0 0 0 0 0 1 0 0 0 0 0 0 1 0 0 1 0 0 0 1 0 1 1 0 0 0 0 0 0 0 0 0 1 0 1 0 1 0 0 0
12.88 13.1 20.81 9.16 134.38 136.5 12.01 48.12 108.48 105.2 2339.97 47.49 149.44 1382.85 1057.99 f 0 0 0 0 0 0 0 0 0 0 0 0 0 0 0 0 0 0 0 0 0 0 0 0 0 0 1 0 0 0 0 0 0 0 0 0 1 0 1 0 0 0 0 0
0.34 0.09 0.06 0.31 1.99 2.0 0.28 0.05 1.12 1.13 0.05 3.74 5.24 0.09 0.05 f 0 0 0 0 0 0 0 0 0 0 0 0 0 0 0 0 0 0 0 0 0 0 1 0 0 0 1 0 0 0 0 0 0 0 0 0 0 1 1 1 0 0 1 0
30.84 24.43 14.85 8.92 145.4 23.04 8.91 21.78 90.43 9.85 3600.0 8.29 68.83 3600.0 3600.0 f 0 0 0 0 0 0 0 0 0 0 0 0 0 0 0 0 0 0 0 1 0 0 0 0 0 0 1 0 0 0 0 0 0 0 0 0 1 0 1 0 0 0 0 0
8.66 7.71 3.74 5.96 4.79 3600.0 2.89 2.63 2.12 3600.0 8.63 3600.0 3600.0 44.71 12.83 f 0 0 0 0 0 1 0 0 0 0 0 0 0 0 0 0 0 0 0 0 0 0 0 0 0 0 0 0 0 0 0 0 0 0 0 0 0 0 1 0 0 0 0 0
1.1 0.55 0.07 0.47 7.0 7.0 0.44 0.17 6.62 6.62 0.63 0.06 0.47 103.88 83.35 f 0 0 0 0 0 0 0 0 0 1 0 0 0 0 0 0 0 0 0 1 0 0 0 0 0 0 0 0 0 0 0 0 0 0 0 0 1 0 1 0 1 0 0 0
3600.0 3600.0 3600.0 3600.0 2865.8 2885.4 3600.0 3600.0 3600.0 3600.0 3600.0 3600.0 3600.0 3600.0 3600.0 f 0 0 0 0 0 0 0 0 0 0 0 0 1 0 0 0 0 0 0 0 0 0 0 0 0 0 1 0 0 0 0 0 0 0 0 0 1 0 1 0 0 0 0 0
0.05 0.14 0.03 0.3 7.89 7.89 0.3 0.09 7.85 7.89 0.13 0.07 0.25 58.7 46.04 f 0 0 0 0 0 0 0 0 0 1 0 0 0 0 0 0 0 0 0 1 0 0 0 0 0 0 0 0 0 0 0 0 0 0 0 0 1 0 1 0 1 0 0 0
9.38 26.42 12.69 15.68 39.14 3600.0 12.29 12.49 14.4 3600.0 58.56 3600.0 3600.0 129.05 45.06 f 0 0 0 0 0 1 0 0 0 0 0 0 0 0 0 0 0 0 0 0 0 0 0 0 0 0 0 0 0 0 0 0 0 0 0 0 0 0 1 0 0 0 0 0
1355.51 577.17 863.36 319.02 696.49 713.16 374.02 2041.48 395.99 384.88 3600.0 113.51 1958.1 3600.0 3600.0 f 0 0 0 0 0 0 0 0 0 0 0 0 0 0 0 0 0 0 0 1 0 0 0 0 0 0 1 0 0 0 0 0 0 0 0 0 1 0 1 0 0 0 0 0
15.16 24.26 15.56 8.69 146.79 146.25 12.89 49.1 62.78 64.97 1341.27 60.68 493.37 634.84 582.47 f 0 0 0 0 0 0 0 0 0 0 0 0 0 0 0 0 0 0 0 0 0 0 0 0 0 0 1 0 0 0 0 0 0 0 0 0 1 0 1 0 0 0 0 0
0.22 0.06 0.02 0.17 0.09 0.08 0.15 0.02 0.07 0.07 0.02 0.19 0.28 0.02 0.02 f 0 0 0 0 0 0 0 0 0 0 0 0 0 0 0 0 0 0 0 0 0 0 0 0 0 0 0 0 0 0 0 0 0 0 0 0 1 0 1 0 0 0 0 0
0.03 0.05 0.02 0.2 0.34 0.34 0.2 0.01 0.34 0.34 0.01 0.04 0.02 1.43 0.34 f 0 0 0 0 0 0 0 0 0 1 0 0 0 0 0 0 0 0 0 1 0 0 1 0 0 0 1 0 0 0 0 0 0 0 0 0 0 0 1 0 1 0 0 0
0.06 0.18 0.03 0.28 0.48 0.48 0.24 0.03 0.47 0.47 0.03 0.04 0.04 11.16 2.9 f 0 0 0 0 0 0 0 0 0 1 0 0 0 0 0 0 0 0 0 1 0 0 1 0 0 0 1 0 0 0 0 0 0 0 0 0 0 0 1 0 1 0 0 0
3600.0 3154.67 3600.0 3600.0 2661.03 2665.05 3600.0 3600.0 3600.0 3600.0 3600.0 3600.0 3600.0 3600.0 3600.0 f 0 0 0 0 0 0 0 0 0 0 0 0 1 0 0 0 0 0 0 0 0 0 0 0 0 0 1 0 0 0 0 0 0 0 0 0 1 0 1 0 0 0 0 0
0.02 0.03 0.01 0.14 0.03 0.03 0.13 0.01 0.03 0.03 0.02 0.09 0.03 0.01 0.02 f 0 0 0 0 0 0 0 0 0 0 0 0 0 0 0 0 0 0 0 0 0 0 0 0 0 0 0 0 0 0 0 0 0 0 0 0 1 0 1 0 0 0 0 0
70.11 247.27 72.32 66.14 11.7 197.52 228.13 3600.0 5.05 337.78 3600.0 106.88 370.3 3600.0 3600.0 f 0 0 0 0 0 0 0 0 0 0 0 0 1 0 0 0 0 0 0 0 0 0 1 0 0 0 1 0 1 0 0 0 0 0 0 0 1 0 1 1 0 1 0 1
115.3 1.27 1.25 0.86 3600.0 14.4 0.78 260.98 3600.0 2.07 3600.0 5.63 7.58 3600.0 3600.0 f 0 0 0 0 0 0 0 0 0 0 0 0 1 0 0 0 0 0 0 0 0 0 0 0 0 0 1 0 1 0 0 0 0 0 0 0 1 0 1 1 0 1 0 1
0.15 0.12 0.21 0.29 10.34 11.0 0.48 909.61 3.68 0.87 3600.0 1.47 2.09 3600.0 3600.0 f 0 0 0 0 0 0 0 0 0 0 0 0 1 0 0 0 0 0 0 0 0 0 0 0 0 0 1 0 0 0 0 0 0 0 0 0 1 0 1 1 0 1 0 0
255.74 16.32 13.41 27.83 50.16 61.78 7.89 3600.0 25.12 17.58 3600.0 25.43 78.65 3600.0 3600.0 f 0 0 0 0 0 0 0 0 0 0 0 0 1 0 0 0 0 0 0 0 0 0 0 0 0 0 1 0 1 0 0 0 0 0 0 0 1 0 1 1 0 1 0 1
98.37 0.63 0.68 1.09 10.98 11.06 0.41 3600.0 2.35 1.85 3600.0 3.1 4.23 3600.0 3600.0 f 0 0 0 0 0 0 0 0 0 0 0 0 1 0 0 0 0 0 0 0 0 0 0 0 0 0 1 0 1 0 0 0 0 0 0 0 1 0 1 1 0 1 0 1
3600.0 1023.6 714.96 739.69 460.28 193.35 81.73 3600.0 989.23 809.34 3600.0 985.81 1768.78 3600.0 3600.0 f 0 0 0 0 0 0 0 0 0 0 0 0 1 0 0 0 0 0 0 0 0 0 1 0 0 0 1 0 1 0 0 0 0 0 0 0 1 0 1 1 0 1 0 1
8.86 5.3 1.51 4.13 27.7 22.64 4.69 3600.0 26.99 15.11 3600.0 29.3 18.47 3600.0 3600.0 f 0 0 0 0 0 0 0 0 0 0 0 0 1 0 0 0 0 0 0 0 0 0 0 0 0 0 1 0 1 0 0 0 0 0 0 0 1 0 1 1 0 1 0 1
5.56 0.02 0.03 0.18 3.29 0.13 0.18 131.29 0.99 0.11 55.41 0.23 0.21 3600.0 3600.0 f 0 0 0 0 0 0 0 0 0 0 0 0 1 0 0 0 0 0 0 0 0 0 0 0 0 0 1 0 0 0 0 0 0 0 0 0 1 0 1 0 0 0 0 0
0.08 0.05 0.11 0.33 876.4 0.29 0.31 143.55 3600.0 0.26 3600.0 0.84 1.32 3600.0 3600.0 f 0 0 0 0 0 0 0 0 0 0 0 0 1 0 0 0 0 0 0 0 0 0 0 0 0 0 1 0 0 0 0 0 0 0 0 0 1 0 1 1 0 0 0 0
1.77 0.02 0.02 0.19 0.06 0.13 0.19 10.22 0.05 0.07 190.0 0.16 0.13 3600.0 3600.0 f 0 0 0 0 0 0 0 0 0 0 0 0 1 0 0 0 0 0 0 0 0 0 0 0 0 0 1 0 0 0 0 0 0 0 0 0 1 0 1 0 0 0 0 0
7.38 6.18 2.85 2.57 11.9 12.11 5.1 15.68 5.3 5.33 83.08 16.34 8.32 156.13 114.69 f 0 0 0 0 0 1 0 0 0 0 0 0 0 0 0 0 0 0 0 0 0 0 0 0 0 0 1 0 0 0 0 0 0 0 0 0 1 0 1 0 0 0 0 0
44.39 29.65 18.44 16.92 222.67 216.28 57.85 82.19 107.81 111.08 3600.0 140.29 292.99 3600.0 3600.0 f 0 0 0 0 0 1 0 0 0 0 0 0 0 0 0 0 0 0 0 1 0 0 0 0 0 0 0 0 0 0 0 0 0 0 0 1 1 0 1 0 0 0 0 0
10.5 0.22 0.11 0.35 0.49 0.49 0.45 0.32 0.31 0.32 18.26 0.29 0.4 50.24 26.9 f 0 0 0 0 0 1 0 0 0 0 0 0 0 0 0 0 0 0 0 1 0 0 0 0 0 0 0 0 0 0 0 0 0 0 0 1 1 0 1 0 0 0 0 0
9.92 3.03 2.18 7.14 199.56 203.06 8.99 30.91 139.15 145.34 478.59 91.75 93.4 237.69 200.2 f 0 0 0 0 0 1 0 0 0 0 0 0 0 0 0 0 0 0 0 1 0 0 0 0 0 0 0 0 0 0 0 0 0 0 0 1 1 0 1 0 0 0 0 0
9.13 0.82 0.43 1.14 3600.0 3600.0 2.58 15.05 3600.0 3600.0 40.91 3600.0 3600.0 21.82 9.32 f 0 0 0 0 0 1 1 0 0 0 0 0 0 0 0 0 0 0 0 1 0 0 0 1 0 0 0 0 0 0 0 0 0 0 0 1 0 0 1 0 0 0 0 0
0.03 0.01 0.02 0.21 0.01 0.02 0.2 0.01 0.02 0.02 0.01 0.11 0.17 0.1 0.05 f 0 0 0 0 0 1 1 0 0 0 0 0 0 0 0 0 0 0 0 1 0 0 0 1 0 0 0 0 0 0 0 0 0 0 0 1 0 0 1 0 0 0 0 0