0.24 0.18 0.26 1.64 0.28 0.32 1.64 0.17 0.28 0.3 0.16 0.09 0.15 0.33 0.23 f 0 0 0 0 0 0 0 0 0 1 0 1 1 0 0 0 1 0 0 1 0 1 0 1 0 0 1 0 0 0 1 0 0 0 0 0 0 1 1 0 1 0 1 0 
27.53 13.28 32.94 13.66 15.17 14.14 8.95 8.22 5.41 11.37 136.05 6.81 6.91 3600.0 1285.85 f 0 0 0 0 0 0 0 0 0 0 0 0 1 0 0 0 0 0 0 0 0 0 0 0 0 0 1 0 0 0 0 0 0 0 0 0 0 1 1 0 0 0 0 1 
36.42 7.1 3.7 6.86 3.95 11.01 5.28 3.33 1.37 8.85 19.92 4.72 4.81 66.79 28.21 f 0 0 0 0 0 0 0 0 0 0 0 0 1 0 0 0 0 0 0 0 0 0 0 0 0 0 1 0 0 0 0 0 0 0 0 0 0 1 1 0 0 0 0 1 
1177.18 249.59 518.55 309.01 448.04 920.57 446.39 308.59 213.88 408.79 757.43 182.97 312.94 3600.0 3600.0 f 1 0 0 0 0 0 0 0 0 0 0 0 1 0 0 0 0 0 0 0 0 0 0 0 0 0 1 0 0 0 0 0 0 0 0 0 0 1 1 0 0 0 1 1 
3600.0 3600.0 3600.0 3600.0 1456.35 1462.01 3600.0 3600.0 1799.37 1839.71 3600.0 1848.47 2795.47 3600.0 3600.0 f 0 0 0 0 0 0 0 0 0 0 0 0 1 0 0 0 0 0 0 0 0 0 0 0 0 0 1 0 0 0 0 0 0 0 0 0 0 1 1 0 0 0 1 1 
3600.0 3600.0 3600.0 3600.0 3600.0 652.9 3600.0 3600.0 3600.0 1172.84 3600.0 887.32 1540.77 3600.0 3600.0 f 0 0 0 0 0 0 0 0 0 0 0 0 1 0 0 0 0 0 0 0 0 0 0 0 0 0 1 0 0 0 0 0 0 0 0 0 0 1 1 0 0 0 1 1 
3600.0 3600.0 3600.0 3600.0 3600.0 2019.6 3600.0 3600.0 3600.0 3375.76 3600.0 380.57 556.28 3600.0 3600.0 f 0 0 0 0 0 0 0 0 0 0 0 0 1 0 0 0 0 0 0 0 0 0 0 0 0 0 1 0 0 0 0 0 0 0 0 0 0 1 1 0 0 0 1 1 
3600.0 3600.0 3600.0 3600.0 3379.66 3336.69 3600.0 3600.0 2693.28 2675.3 3600.0 3260.42 3600.0 3600.0 3600.0 f 1 0 0 0 0 0 0 0 0 0 0 0 1 0 0 0 0 0 0 0 0 0 0 0 0 0 1 0 0 0 0 0 0 0 0 0 0 1 1 0 0 0 1 1 
643.16 623.82 3600.0 3600.0 1665.76 269.69 2765.57 1321.17 3298.92 215.98 3600.0 204.42 269.51 3600.0 3600.0 f 0 0 0 0 0 0 0 0 0 0 0 0 1 0 0 0 0 0 0 0 0 0 0 0 0 0 1 0 0 0 0 0 0 0 0 0 0 1 1 0 0 0 1 1 
36.1 6.92 3.99 6.85 5.49 11.58 5.25 3.83 3.15 9.64 10.56 5.11 4.91 3600.0 3600.0 f 0 0 0 0 0 0 0 0 0 0 0 0 1 0 0 0 0 0 0 0 0 0 0 0 0 0 1 0 0 0 0 0 0 0 0 0 0 1 1 0 0 0 0 1 
886.14 136.38 139.41 118.8 534.17 289.2 143.24 141.25 223.61 166.33 262.81 129.83 136.58 3600.0 3600.0 f 1 0 0 0 0 0 0 0 0 0 0 0 1 0 0 0 0 0 0 0 0 0 0 0 0 0 1 0 0 0 0 0 0 0 0 0 0 1 1 0 0 0 1 1 
23.98 8.15 19.74 7.47 8.35 9.73 6.46 5.32 310.25 8.57 318.25 4.65 5.2 3600.0 2985.45 f 0 0 0 0 0 0 0 0 0 0 0 0 1 0 0 0 0 0 0 0 0 0 0 0 0 0 1 0 0 0 0 0 0 0 0 0 0 1 1 0 0 0 0 1 
34.55 16.69 13.61 13.01 13.15 3600.0 10.83 12.12 7.86 13.71 11.36 12.74 13.64 1884.23 3600.0 f 0 0 0 0 0 0 0 0 0 0 0 0 1 0 0 0 0 0 0 0 0 0 0 0 0 0 1 0 0 0 0 0 0 0 0 0 0 1 1 0 0 0 0 1 
3600.0 716.18 1370.36 1450.14 1829.0 1219.39 968.92 1971.19 1141.54 856.21 1927.26 680.57 851.52 3600.0 3600.0 f 1 0 0 0 0 0 0 0 0 0 0 0 1 0 0 0 0 0 0 0 0 0 0 0 0 0 1 0 0 0 0 0 0 0 0 0 0 1 1 0 0 0 1 1 
36.25 11.5 272.07 9.94 12.31 14.13 8.12 6.78 5.12 11.37 25.24 5.94 5.98 3600.0 3600.0 f 0 0 0 0 0 0 0 0 0 0 0 0 1 0 0 0 0 0 0 0 0 0 0 0 0 0 1 0 0 0 0 0 0 0 0 0 0 1 1 0 0 0 0 1 
3600.0 3600.0 3600.0 3600.0 1549.4 1528.66 3600.0 3600.0 1828.49 1831.13 3600.0 1009.68 1012.98 3600.0 3600.0 f 0 0 0 0 0 0 0 0 0 0 0 0 1 0 0 0 0 0 0 0 0 0 0 0 0 0 1 0 0 0 0 0 0 0 0 0 0 1 1 0 0 0 1 1 
21.2 8.9 380.59 7.15 6.62 10.75 5.07 3.98 2.89 8.6 4.97 4.64 4.04 1821.01 3600.0 f 0 0 0 0 0 0 0 0 0 0 0 0 1 0 0 0 0 0 0 0 0 0 0 0 0 0 1 0 0 0 0 0 0 0 0 0 0 1 1 0 0 0 0 1 
1184.05 684.12 582.88 3600.0 2762.19 2765.78 3600.0 206.77 3600.0 3600.0 1348.1 3316.68 1972.61 3600.0 3600.0 f 1 1 0 0 0 0 0 0 0 1 0 0 0 0 0 0 0 0 0 1 0 0 0 1 0 1 1 0 0 0 0 0 0 0 0 0 1 0 1 0 1 0 0 0 
345.9 371.47 39.64 364.24 308.93 319.43 170.26 47.92 256.42 266.66 149.17 304.75 267.49 3600.0 3600.0 f 1 1 0 0 0 0 0 0 0 1 0 0 0 0 0 0 1 0 0 1 0 0 0 1 0 1 1 0 0 0 0 0 0 0 0 0 1 0 1 0 1 0 0 0 
12.88 13.1 20.81 9.16 134.38 136.5 12.01 48.12 108.48 105.2 2339.97 47.49 149.44 1382.85 1057.99 f 0 0 0 0 0 0 0 0 0 0 0 0 0 0 0 0 0 0 0 0 0 0 0 0 0 0 1 0 0 0 0 0 0 0 0 0 1 0 1 0 0 0 0 0 
0.34 0.09 0.06 0.31 1.99 2.0 0.28 0.05 1.12 1.13 0.05 3.74 5.24 0.09 0.05 f 0 0 0 0 0 0 0 0 0 0 0 0 0 0 0 0 0 0 0 0 0 0 1 0 0 0 1 0 0 0 0 0 0 0 0 0 0 1 1 1 0 0 1 0 
30.84 24.43 14.85 8.92 145.4 23.04 8.91 21.78 90.43 9.85 3600.0 8.29 68.83 3600.0 3600.0 f 0 0 0 0 0 0 0 0 0 0 0 0 0 0 0 0 0 0 0 1 0 0 0 0 0 0 1 0 0 0 0 0 0 0 0 0 1 0 1 0 0 0 0 0 
8.66 7.71 3.74 5.96 4.79 3600.0 2.89 2.63 2.12 3600.0 8.63 3600.0 3600.0 44.71 12.83 f 0 0 0 0 0 1 0 0 0 0 0 0 0 0 0 0 0 0 0 0 0 0 0 0 0 0 0 0 0 0 0 0 0 0 0 0 0 0 1 0 0 0 0 0 
1.1 0.55 0.07 0.47 7.0 7.0 0.44 0.17 6.62 6.62 0.63 0.06 0.47 103.88 83.35 f 0 0 0 0 0 0 0 0 0 1 0 0 0 0 0 0 0 0 0 1 0 0 0 0 0 0 0 0 0 0 0 0 0 0 0 0 1 0 1 0 1 0 0 0 
3600.0 3600.0 3600.0 3600.0 2865.8 2885.4 3600.0 3600.0 3600.0 3600.0 3600.0 3600.0 3600.0 3600.0 3600.0 f 0 0 0 0 0 0 0 0 0 0 0 0 1 0 0 0 0 0 0 0 0 0 0 0 0 0 1 0 0 0 0 0 0 0 0 0 1 0 1 0 0 0 0 0 
0.05 0.14 0.03 0.3 7.89 7.89 0.3 0.09 7.85 7.89 0.13 0.07 0.25 58.7 46.04 f 0 0 0 0 0 0 0 0 0 1 0 0 0 0 0 0 0 0 0 1 0 0 0 0 0 0 0 0 0 0 0 0 0 0 0 0 1 0 1 0 1 0 0 0 
9.38 26.42 12.69 15.68 39.14 3600.0 12.29 12.49 14.4 3600.0 58.56 3600.0 3600.0 129.05 45.06 f 0 0 0 0 0 1 0 0 0 0 0 0 0 0 0 0 0 0 0 0 0 0 0 0 0 0 0 0 0 0 0 0 0 0 0 0 0 0 1 0 0 0 0 0 
1355.51 577.17 863.36 319.02 696.49 713.16 374.02 2041.48 395.99 384.88 3600.0 113.51 1958.1 3600.0 3600.0 f 0 0 0 0 0 0 0 0 0 0 0 0 0 0 0 0 0 0 0 1 0 0 0 0 0 0 1 0 0 0 0 0 0 0 0 0 1 0 1 0 0 0 0 0 
15.16 24.26 15.56 8.69 146.79 146.25 12.89 49.1 62.78 64.97 1341.27 60.68 493.37 634.84 582.47 f 0 0 0 0 0 0 0 0 0 0 0 0 0 0 0 0 0 0 0 0 0 0 0 0 0 0 1 0 0 0 0 0 0 0 0 0 1 0 1 0 0 0 0 0 
0.22 0.06 0.02 0.17 0.09 0.08 0.15 0.02 0.07 0.07 0.02 0.19 0.28 0.02 0.02 f 0 0 0 0 0 0 0 0 0 0 0 0 0 0 0 0 0 0 0 0 0 0 0 0 0 0 0 0 0 0 0 0 0 0 0 0 1 0 1 0 0 0 0 0 
0.03 0.05 0.02 0.2 0.34 0.34 0.2 0.01 0.34 0.34 0.01 0.04 0.02 1.43 0.34 f 0 0 0 0 0 0 0 0 0 1 0 0 0 0 0 0 0 0 0 1 0 0 1 0 0 0 1 0 0 0 0 0 0 0 0 0 0 0 1 0 1 0 0 0 
0.06 0.18 0.03 0.28 0.48 0.48 0.24 0.03 0.47 0.47 0.03 0.04 0.04 11.16 2.9 f 0 0 0 0 0 0 0 0 0 1 0 0 0 0 0 0 0 0 0 1 0 0 1 0 0 0 1 0 0 0 0 0 0 0 0 0 0 0 1 0 1 0 0 0 
3600.0 3154.67 3600.0 3600.0 2661.03 2665.05 3600.0 3600.0 3600.0 3600.0 3600.0 3600.0 3600.0 3600.0 3600.0 f 0 0 0 0 0 0 0 0 0 0 0 0 1 0 0 0 0 0 0 0 0 0 0 0 0 0 1 0 0 0 0 0 0 0 0 0 1 0 1 0 0 0 0 0 
0.02 0.03 0.01 0.14 0.03 0.03 0.13 0.01 0.03 0.03 0.02 0.09 0.03 0.01 0.02 f 0 0 0 0 0 0 0 0 0 0 0 0 0 0 0 0 0 0 0 0 0 0 0 0 0 0 0 0 0 0 0 0 0 0 0 0 1 0 1 0 0 0 0 0 
70.11 247.27 72.32 66.14 11.7 197.52 228.13 3600.0 5.05 337.78 3600.0 106.88 370.3 3600.0 3600.0 f 0 0 0 0 0 0 0 0 0 0 0 0 1 0 0 0 0 0 0 0 0 0 1 0 0 0 1 0 1 0 0 0 0 0 0 0 1 0 1 1 0 1 0 1 
115.3 1.27 1.25 0.86 3600.0 14.4 0.78 260.98 3600.0 2.07 3600.0 5.63 7.58 3600.0 3600.0 f 0 0 0 0 0 0 0 0 0 0 0 0 1 0 0 0 0 0 0 0 0 0 0 0 0 0 1 0 1 0 0 0 0 0 0 0 1 0 1 1 0 1 0 1 
0.15 0.12 0.21 0.29 10.34 11.0 0.48 909.61 3.68 0.87 3600.0 1.47 2.09 3600.0 3600.0 f 0 0 0 0 0 0 0 0 0 0 0 0 1 0 0 0 0 0 0 0 0 0 0 0 0 0 1 0 0 0 0 0 0 0 0 0 1 0 1 1 0 1 0 0 
255.74 16.32 13.41 27.83 50.16 61.78 7.89 3600.0 25.12 17.58 3600.0 25.43 78.65 3600.0 3600.0 f 0 0 0 0 0 0 0 0 0 0 0 0 1 0 0 0 0 0 0 0 0 0 0 0 0 0 1 0 1 0 0 0 0 0 0 0 1 0 1 1 0 1 0 1 
98.37 0.63 0.68 1.09 10.98 11.06 0.41 3600.0 2.35 1.85 3600.0 3.1 4.23 3600.0 3600.0 f 0 0 0 0 0 0 0 0 0 0 0 0 1 0 0 0 0 0 0 0 0 0 0 0 0 0 1 0 1 0 0 0 0 0 0 0 1 0 1 1 0 1 0 1 
3600.0 1023.6 714.96 739.69 460.28 193.35 81.73 3600.0 989.23 809.34 3600.0 985.81 1768.78 3600.0 3600.0 f 0 0 0 0 0 0 0 0 0 0 0 0 1 0 0 0 0 0 0 0 0 0 1 0 0 0 1 0 1 0 0 0 0 0 0 0 1 0 1 1 0 1 0 1 
8.86 5.3 1.51 4.13 27.7 22.64 4.69 3600.0 26.99 15.11 3600.0 29.3 18.47 3600.0 3600.0 f 0 0 0 0 0 0 0 0 0 0 0 0 1 0 0 0 0 0 0 0 0 0 0 0 0 0 1 0 1 0 0 0 0 0 0 0 1 0 1 1 0 1 0 1 
5.56 0.02 0.03 0.18 3.29 0.13 0.18 131.29 0.99 0.11 55.41 0.23 0.21 3600.0 3600.0 f 0 0 0 0 0 0 0 0 0 0 0 0 1 0 0 0 0 0 0 0 0 0 0 0 0 0 1 0 0 0 0 0 0 0 0 0 1 0 1 0 0 0 0 0 
0.08 0.05 0.11 0.33 876.4 0.29 0.31 143.55 3600.0 0.26 3600.0 0.84 1.32 3600.0 3600.0 f 0 0 0 0 0 0 0 0 0 0 0 0 1 0 0 0 0 0 0 0 0 0 0 0 0 0 1 0 0 0 0 0 0 0 0 0 1 0 1 1 0 0 0 0 
1.77 0.02 0.02 0.19 0.06 0.13 0.19 10.22 0.05 0.07 190.0 0.16 0.13 3600.0 3600.0 f 0 0 0 0 0 0 0 0 0 0 0 0 1 0 0 0 0 0 0 0 0 0 0 0 0 0 1 0 0 0 0 0 0 0 0 0 1 0 1 0 0 0 0 0 
7.38 6.18 2.85 2.57 11.9 12.11 5.1 15.68 5.3 5.33 83.08 16.34 8.32 156.13 114.69 f 0 0 0 0 0 1 0 0 0 0 0 0 0 0 0 0 0 0 0 0 0 0 0 0 0 0 1 0 0 0 0 0 0 0 0 0 1 0 1 0 0 0 0 0 
44.39 29.65 18.44 16.92 222.67 216.28 57.85 82.19 107.81 111.08 3600.0 140.29 292.99 3600.0 3600.0 f 0 0 0 0 0 1 0 0 0 0 0 0 0 0 0 0 0 0 0 1 0 0 0 0 0 0 0 0 0 0 0 0 0 0 0 1 1 0 1 0 0 0 0 0 
10.5 0.22 0.11 0.35 0.49 0.49 0.45 0.32 0.31 0.32 18.26 0.29 0.4 50.24 26.9 f 0 0 0 0 0 1 0 0 0 0 0 0 0 0 0 0 0 0 0 1 0 0 0 0 0 0 0 0 0 0 0 0 0 0 0 1 1 0 1 0 0 0 0 0 
9.92 3.03 2.18 7.14 199.56 203.06 8.99 30.91 139.15 145.34 478.59 91.75 93.4 237.69 200.2 f 0 0 0 0 0 1 0 0 0 0 0 0 0 0 0 0 0 0 0 1 0 0 0 0 0 0 0 0 0 0 0 0 0 0 0 1 1 0 1 0 0 0 0 0 
9.13 0.82 0.43 1.14 3600.0 3600.0 2.58 15.05 3600.0 3600.0 40.91 3600.0 3600.0 21.82 9.32 f 0 0 0 0 0 1 1 0 0 0 0 0 0 0 0 0 0 0 0 1 0 0 0 1 0 0 0 0 0 0 0 0 0 0 0 1 0 0 1 0 0 0 0 0 
0.03 0.01 0.02 0.21 0.01 0.02 0.2 0.01 0.02 0.02 0.01 0.11 0.17 0.1 0.05 f 0 0 0 0 0 1 1 0 0 0 0 0 0 0 0 0 0 0 0 1 0 0 0 1 0 0 0 0 0 0 0 0 0 0 0 1 0 0 1 0 0 0 0 0 
17.22 53.33 35.65 26.65 36.97 35.8 14.44 80.95 14.81 14.72 3600.0 13.32 23.74 3600.0 3494.33 f 0 0 0 0 0 0 0 0 0 0 0 0 0 0 0 0 0 0 0 0 0 0 0 0 0 0 1 0 0 0 0 0 0 0 0 0 1 0 1 0 0 0 0 0 
10.58 8.31 2.9 3.06 12.65 13.18 5.58 13.07 4.94 4.87 88.79 16.33 12.02 121.4 77.23 f 0 0 0 0 0 1 0 0 0 0 0 0 0 0 0 0 0 0 0 0 0 0 0 0 0 0 1 0 0 0 0 0 0 0 0 0 1 0 1 0 0 0 0 0 
42.67 79.14 66.59 80.17 164.1 164.47 36.49 157.85 94.69 95.64 3600.0 29.18 42.68 3600.0 3600.0 f 0 0 0 0 0 0 0 0 0 0 0 0 0 0 0 0 0 0 0 0 0 0 0 0 0 0 1 0 0 0 0 0 0 0 0 0 1 0 1 0 0 0 0 0 
1.3 0.18 0.09 0.37 0.01 0.06 0.25 0.03 0.01 0.05 0.03 3.82 3.37 0.04 0.03 f 0 0 0 0 0 0 0 0 0 0 0 0 0 0 0 0 0 0 0 0 0 0 0 0 0 0 0 0 0 0 0 0 0 0 0 0 1 0 1 0 0 0 0 0 
6.79 0.24 0.11 0.38 0.02 1.2 0.24 0.04 0.01 0.42 0.04 46.58 40.44 0.08 0.06 f 0 0 0 0 0 0 0 0 0 0 0 0 0 0 0 0 0 0 0 0 0 0 0 0 0 0 0 0 0 0 0 0 0 0 0 0 1 0 1 0 0 0 0 0 
0.01 0.01 0.01 0.13 0.01 0.01 0.13 0.01 0.01 0.03 0.01 0.02 0.01 0.01 0.01 f 0 0 0 0 0 0 0 0 0 0 0 0 0 0 0 0 0 0 0 0 0 0 0 0 0 0 0 0 0 0 0 0 0 0 0 0 1 0 1 0 0 0 0 0 
1.0 0.14 0.07 0.29 0.01 0.06 0.23 0.03 0.01 0.05 0.03 1.43 1.64 0.06 0.04 f 0 0 0 0 0 0 0 0 0 0 0 0 0 0 0 0 0 0 0 0 0 0 0 0 0 0 0 0 0 0 0 0 0 0 0 0 1 0 1 0 0 0 0 0 
0.01 0.01 0.01 0.13 0.01 0.01 0.13 0.01 0.02 0.01 0.01 0.01 0.01 0.02 0.01 f 0 0 0 0 0 0 0 0 0 0 0 0 0 0 0 0 0 0 0 0 0 0 0 0 0 0 0 0 0 0 0 0 0 0 0 0 1 0 1 0 0 0 0 0 
6.98 0.47 0.14 0.45 0.05 25.58 0.25 0.18 0.04 4.81 0.18 264.39 248.41 1.43 0.68 f 0 0 0 0 0 0 0 0 0 0 0 0 0 0 0 0 0 0 0 0 0 0 0 0 0 0 0 0 0 0 0 0 0 0 0 0 1 0 1 0 0 0 0 0 
0.02 0.02 0.02 0.13 0.01 0.01 0.13 0.01 0.01 0.02 0.02 0.02 0.01 0.01 0.01 f 0 0 0 0 0 0 0 0 0 0 0 0 0 0 0 0 0 0 0 0 0 0 0 0 0 0 0 0 0 0 0 0 0 0 0 0 1 0 1 0 0 0 0 0 
0.01 0.01 0.01 0.13 0.01 0.01 0.13 0.01 0.01 0.01 0.01 0.01 0.01 0.02 0.01 f 0 0 0 0 0 0 0 0 0 0 0 0 0 0 0 0 0 0 0 0 0 0 0 0 0 0 0 0 0 0 0 0 0 0 0 0 1 0 1 0 0 0 0 0 
0.02 0.01 0.01 0.13 0.01 0.01 0.13 0.01 0.01 0.02 0.01 0.01 0.01 0.01 0.01 f 0 0 0 0 0 0 0 0 0 0 0 0 0 0 0 0 0 0 0 0 0 0 0 0 0 0 0 0 0 0 0 0 0 0 0 0 1 0 1 0 0 0 0 0 
0.01 0.01 0.01 0.13 0.01 0.02 0.13 0.02 0.01 0.01 0.01 0.01 0.01 0.01 0.01 f 0 0 0 0 0 0 0 0 0 0 0 0 0 0 0 0 0 0 0 0 0 0 0 0 0 0 0 0 0 0 0 0 0 0 0 0 1 0 1 0 0 0 0 0 
0.4 0.13 0.06 0.28 0.01 0.11 0.22 0.03 0.01 0.09 0.03 3.25 2.58 0.04 0.03 f 0 0 0 0 0 0 0 0 0 0 0 0 0 0 0 0 0 0 0 0 0 0 0 0 0 0 0 0 0 0 0 0 0 0 0 0 1 0 1 0 0 0 0 0 
0.01 0.02 0.01 0.13 0.01 0.02 0.13 0.01 0.02 0.01 0.01 0.01 0.01 0.01 0.01 f 0 0 0 0 0 0 0 0 0 0 0 0 0 0 0 0 0 0 0 0 0 0 0 0 0 0 0 0 0 0 0 0 0 0 0 0 1 0 1 0 0 0 0 0 
0.06 0.1 0.04 0.21 1.12 0.33 0.27 0.07 0.4 0.16 0.07 0.13 0.09 5.85 6.61 f 0 0 0 0 0 0 0 0 0 0 0 0 0 0 0 0 0 0 0 0 0 0 0 0 0 0 0 0 0 0 0 0 0 0 0 0 0 0 0 0 0 0 0 0 
0.02 0.02 0.01 0.13 0.11 0.04 0.14 0.02 0.04 0.03 0.01 0.03 0.02 0.62 1.15 f 0 0 0 0 0 0 0 0 0 0 0 0 0 0 0 0 0 0 0 0 0 0 0 0 0 0 0 0 0 0 0 0 0 0 0 0 0 0 0 0 0 0 0 0 
0.48 0.9 1.21 1.56 3.53 5.13 3.57 0.88 7.54 1.62 0.84 1.78 0.99 89.97 151.46 f 0 0 0 0 0 0 0 0 0 0 0 0 0 0 0 0 0 0 0 0 0 0 0 0 0 0 0 0 0 0 0 0 0 0 0 0 0 0 0 0 0 0 0 0 
0.03 0.01 0.01 0.18 0.08 0.13 0.18 0.02 0.09 0.09 0.02 1.33 1.82 0.88 0.54 f 0 0 0 0 0 0 0 0 0 0 0 0 1 0 0 0 0 0 0 0 0 0 0 0 0 0 0 0 0 0 0 0 0 0 0 0 1 0 1 0 0 0 0 0 
0.05 0.15 0.05 0.37 2.56 0.46 0.73 0.03 1.64 0.63 0.03 0.69 1.98 48.03 38.04 f 0 0 0 0 0 0 0 0 0 0 0 0 0 0 0 0 0 0 0 0 0 0 0 0 0 0 1 0 0 0 0 0 0 0 0 0 0 0 0 0 0 0 0 0 
0.04 0.02 0.04 0.32 0.18 0.14 0.32 0.03 0.19 0.13 0.02 0.02 0.12 22.53 20.19 f 0 0 0 0 0 0 0 0 0 0 0 0 0 0 0 0 0 0 0 0 0 0 0 0 0 0 1 0 0 0 0 0 0 0 0 0 0 0 0 0 0 0 0 0 
0.1 0.09 0.05 0.21 0.99 0.37 0.4 0.05 0.62 0.12 0.05 0.1 0.1 8.91 8.6 f 0 0 0 0 0 0 0 0 0 0 0 0 0 0 0 0 0 0 0 0 0 0 0 0 0 0 0 0 0 0 0 0 0 0 0 0 0 0 0 0 0 0 0 0 
15.59 4.28 4.9 9.18 38.54 22.7 13.74 5.32 15.03 11.42 3600.0 2.1 2.8 231.11 251.29 f 0 0 0 0 0 0 0 0 0 0 0 0 0 0 0 0 0 0 0 0 0 0 0 0 0 0 0 0 0 0 0 0 0 0 0 0 0 0 0 0 0 0 0 0 
0.02 0.02 0.01 0.13 0.09 0.04 0.14 0.01 0.09 0.04 0.02 0.02 0.02 0.57 1.01 f 0 0 0 0 0 0 0 0 0 0 0 0 0 0 0 0 0 0 0 0 0 0 0 0 0 0 0 0 0 0 0 0 0 0 0 0 0 0 0 0 0 0 0 0 
0.02 0.02 0.01 0.15 0.03 0.05 0.13 0.01 0.05 0.03 0.01 0.02 0.03 1.26 1.39 f 0 0 0 0 0 0 0 0 0 0 0 0 0 0 0 0 0 0 0 0 0 0 0 0 0 0 0 0 0 0 0 0 0 0 0 0 0 0 0 0 0 0 0 0 
0.62 0.96 1.22 2.64 12.31 4.41 3.65 0.59 6.21 3.63 0.59 1.42 1.03 100.19 101.88 f 0 0 0 0 0 0 0 0 0 0 0 0 0 0 0 0 0 0 0 0 0 0 0 0 0 0 0 0 0 0 0 0 0 0 0 0 0 0 0 0 0 0 0 0 
0.02 0.01 0.02 0.14 0.01 0.03 0.14 0.01 0.01 0.02 0.01 0.02 0.02 0.08 0.04 f 0 0 0 0 0 1 0 0 0 0 0 0 0 0 0 0 0 0 0 0 0 0 0 1 0 0 0 0 0 0 0 0 0 0 0 1 0 0 1 0 0 0 0 0 
0.05 1.67 0.04 0.34 1.26 0.46 0.32 0.03 0.16 0.15 0.03 0.09 0.11 79.67 42.25 f 0 0 0 0 0 0 0 0 0 0 0 0 0 0 0 0 0 0 0 0 0 0 0 0 0 0 1 0 0 0 0 0 0 0 0 0 0 0 0 0 0 0 0 0 
0.02 0.03 0.01 0.13 0.04 0.03 0.13 0.01 0.01 0.03 0.01 0.03 0.02 0.58 0.88 f 0 0 0 0 0 0 0 0 0 0 0 0 0 0 0 0 0 0 0 0 0 0 0 0 0 0 0 0 0 0 0 0 0 0 0 0 0 0 0 0 0 0 0 0 
0.1 0.36 0.12 1.07 1.28 16.17 1.04 0.13 0.7 10.78 0.14 0.11 1.63 73.28 100.89 f 0 0 0 0 0 1 0 0 0 0 0 0 0 0 0 0 0 0 0 0 0 0 0 1 0 0 0 0 0 0 0 0 0 0 0 1 1 0 1 0 0 0 0 0 
39.4 5.59 7.8 9.72 46.15 30.85 14.36 7.69 19.62 16.45 3600.0 2.74 3.8 195.21 277.58 f 0 0 0 0 0 0 0 0 0 0 0 0 0 0 0 0 0 0 0 0 0 0 0 0 0 0 0 0 0 0 0 0 0 0 0 0 0 0 0 0 0 0 0 0 
0.47 1.34 0.92 1.35 11.08 3.61 2.53 0.93 6.26 3.44 0.93 0.92 1.03 84.42 114.44 f 0 0 0 0 0 0 0 0 0 0 0 0 0 0 0 0 0 0 0 0 0 0 0 0 0 0 0 0 0 0 0 0 0 0 0 0 0 0 0 0 0 0 0 0 
1.44 1.97 1.02 4.09 13.74 13.67 4.08 0.84 12.51 12.15 0.84 1.23 3600.0 19.31 4.2 f 0 0 0 0 0 0 0 0 0 1 0 0 1 0 0 0 0 0 0 0 0 0 0 1 0 0 1 0 0 0 0 0 0 0 0 0 0 1 0 0 1 0 1 0 
4.42 0.86 5.53 9.69 31.54 31.9 9.31 1.85 31.44 31.59 1.84 0.59 3600.0 7.2 14.03 f 1 1 0 0 0 0 0 0 0 1 0 1 1 0 0 0 0 0 0 0 0 0 0 1 0 0 1 0 0 0 0 0 0 0 0 0 0 1 0 0 1 0 1 0 
1.3 1.44 0.91 3.61 15.01 15.33 3.65 0.82 11.47 11.28 0.82 2.09 2.4 40.69 4.55 f 0 0 0 0 0 0 0 0 0 1 0 0 1 0 0 0 0 0 0 0 0 0 0 1 0 0 1 0 0 0 0 0 0 0 0 0 0 1 0 0 1 0 1 0 
6.88 1.79 8.05 15.41 1.2 1.45 14.86 2.58 1.57 1.76 2.58 1.24 1.15 11.54 7.8 f 1 1 0 0 0 0 0 0 0 1 0 0 0 0 0 0 0 0 0 0 0 0 0 1 0 0 1 0 0 0 0 0 0 0 0 0 0 1 0 0 1 0 1 0 
3.1 0.43 2.75 5.26 13.75 13.76 5.22 1.0 13.83 13.79 0.99 0.4 0.29 1.92 1.23 f 1 0 0 0 0 0 0 0 0 1 0 0 0 0 0 0 0 0 0 0 0 0 0 1 0 0 1 0 0 0 0 0 0 0 0 0 0 1 0 0 1 0 1 0 
2.61 0.41 6.41 5.38 15.7 15.92 5.21 0.87 15.75 15.74 0.87 0.3 0.29 1.9 1.32 f 1 0 0 0 0 0 0 0 0 1 0 0 1 0 0 0 0 0 0 0 0 0 0 1 0 0 1 0 0 0 0 0 0 0 0 0 0 1 0 0 1 0 1 0 
4.97 1.03 5.07 10.28 20.47 20.73 9.94 1.64 20.41 20.52 1.63 0.61 0.93 7.02 4.22 f 1 1 0 0 0 0 0 0 0 1 0 0 1 0 0 0 0 0 0 0 0 0 0 1 0 0 1 0 0 0 0 0 0 0 0 0 0 1 0 0 1 0 1 0 
695.12 134.41 38.55 476.23 3600.0 3600.0 32.7 54.04 107.15 77.67 211.57 39.99 51.4 3600.0 3600.0 f 1 0 0 0 0 0 0 0 0 0 0 0 1 0 0 0 0 0 0 0 0 0 0 0 0 0 0 0 0 0 0 0 0 0 0 0 1 0 1 0 0 0 0 0 
39.29 39.55 5.61 58.7 3600.0 3600.0 19.1 21.14 22.45 22.34 19.59 15.24 18.33 1784.48 389.4 f 1 0 0 0 0 0 0 0 0 0 0 0 1 0 0 0 0 0 0 0 0 0 0 0 0 0 0 0 0 0 0 0 0 0 0 0 1 0 1 0 0 0 0 0 
549.11 234.1 41.31 224.7 88.7 89.37 46.84 545.06 54.73 54.96 3600.0 130.19 209.15 3600.0 3600.0 f 1 0 0 0 0 0 0 0 0 0 0 0 1 0 0 0 0 0 0 0 0 0 0 0 0 0 0 0 0 0 0 0 0 0 0 0 1 0 1 0 0 0 0 0 
311.14 202.03 180.14 193.64 318.43 321.13 155.28 85.63 274.45 274.79 3600.0 50.63 109.09 3600.0 3600.0 f 1 0 0 0 0 0 0 0 0 0 0 0 1 0 0 0 0 0 0 0 0 0 0 0 0 0 0 0 0 0 0 0 0 0 0 0 1 0 1 0 0 0 0 0 
62.59 40.29 16.84 33.07 58.73 56.21 16.2 13.03 21.61 21.23 21.97 10.13 14.6 3600.0 1127.01 f 1 0 0 0 0 0 0 0 0 0 0 0 1 0 0 0 0 0 0 0 0 0 0 0 0 0 0 0 0 0 0 0 0 0 0 0 1 0 1 0 0 0 0 0 
477.8 191.19 342.17 160.71 107.51 105.79 62.87 56.31 118.69 118.56 2770.39 55.08 121.5 3600.0 3600.0 f 1 0 0 0 0 0 0 0 0 0 0 0 1 0 0 0 0 0 0 0 0 0 0 0 0 0 0 0 0 0 0 0 0 0 0 0 1 0 1 0 0 0 0 0 
219.97 124.4 41.73 77.47 40.55 40.65 60.47 31.6 35.02 34.73 52.98 27.44 21.71 555.89 3600.0 f 1 0 0 0 0 0 0 0 0 0 0 0 1 0 0 0 0 0 0 0 0 0 0 0 0 0 0 0 0 0 0 0 0 0 0 0 1 0 1 0 0 0 0 0 
907.15 707.77 210.03 3600.0 208.53 219.03 2757.43 3600.0 352.03 338.25 3600.0 1592.0 3348.74 3600.0 3600.0 f 1 1 0 0 0 0 0 0 0 0 0 0 1 0 0 0 0 0 0 0 0 0 0 0 0 0 0 0 0 0 0 0 0 0 0 0 1 0 1 0 0 0 0 0 
50.74 3600.0 3600.0 3600.0 2686.2 2694.55 3600.0 3600.0 2985.48 2980.4 3600.0 3600.0 3600.0 3600.0 3600.0 f 0 0 0 0 0 0 0 0 0 0 0 0 1 0 0 0 0 0 0 0 0 0 0 0 0 0 0 0 0 0 0 0 0 0 0 0 0 0 0 0 0 0 0 0 
40.24 3600.0 3600.0 3600.0 3600.0 3600.0 3600.0 3600.0 3600.0 3600.0 3600.0 3600.0 3600.0 3600.0 3600.0 f 0 0 0 0 0 0 0 0 0 0 0 0 1 0 0 0 0 0 0 0 0 0 0 0 0 0 0 0 0 0 0 0 0 0 0 1 1 0 1 0 0 0 0 0 
609.95 3600.0 3600.0 3600.0 3600.0 3600.0 3600.0 3600.0 3600.0 3600.0 3600.0 3600.0 3600.0 3600.0 3600.0 f 0 0 0 0 0 0 0 0 0 0 0 0 1 0 0 0 0 0 0 0 0 0 0 0 0 0 0 0 0 0 0 0 0 0 0 0 0 0 0 0 0 0 0 0 
1.66 2.79 0.59 1.6 0.24 0.24 0.19 0.11 0.13 0.14 0.15 0.12 0.26 0.32 0.04 f 0 0 0 0 0 0 0 0 0 0 0 0 1 0 0 0 0 0 0 0 0 0 0 0 0 0 0 0 0 0 0 0 0 0 0 0 0 0 0 0 0 0 0 0 
29.98 1646.85 2060.67 3600.0 623.49 609.23 3600.0 3600.0 324.55 311.45 3600.0 3600.0 3600.0 3008.37 3600.0 f 0 0 0 0 0 0 0 0 0 0 0 0 1 0 0 0 0 0 0 0 0 0 0 0 0 0 0 0 0 0 0 0 0 0 0 0 0 0 0 0 0 0 0 0 
16.36 534.65 449.3 3600.0 318.88 324.45 3600.0 3600.0 190.44 190.26 3600.0 3600.0 3600.0 3600.0 3600.0 f 0 0 0 0 0 0 0 0 0 0 0 0 1 0 0 0 0 0 0 0 0 0 0 0 0 0 0 0 0 0 0 0 0 0 0 1 1 0 1 0 0 0 0 0 
36.24 479.18 37.45 29.14 21.88 22.02 29.89 182.49 9.98 10.22 3600.0 200.09 99.41 78.31 38.49 f 0 0 0 0 0 0 0 0 0 0 0 0 1 0 0 0 0 0 0 0 0 0 0 0 0 0 0 0 0 0 0 0 0 0 0 0 0 0 0 0 0 0 0 0 
47.68 3600.0 3600.0 3600.0 3600.0 3600.0 3600.0 3600.0 3600.0 3600.0 3600.0 3600.0 3600.0 3600.0 3600.0 f 0 0 0 0 0 0 0 0 0 0 0 0 1 0 0 0 0 0 0 0 0 0 0 0 0 0 0 0 0 0 0 0 0 0 0 0 1 0 0 0 0 0 0 0 
47.88 3600.0 3600.0 3600.0 3600.0 3600.0 3600.0 3600.0 3600.0 3600.0 3600.0 3600.0 3600.0 3600.0 3600.0 f 0 0 0 0 0 0 0 0 0 0 0 0 1 0 0 0 0 0 0 0 0 0 0 0 0 0 0 0 0 0 0 0 0 0 0 0 1 0 1 0 0 0 0 0 
32.24 3600.0 3600.0 3600.0 3600.0 3600.0 3600.0 3600.0 3600.0 3600.0 3600.0 3600.0 3600.0 3600.0 3600.0 f 0 0 0 0 0 0 0 0 0 0 0 0 1 0 0 0 0 0 0 0 0 0 0 0 0 0 0 0 0 0 0 0 0 0 0 1 1 0 1 0 0 0 0 0 
2.14 1.01 0.34 0.88 0.61 0.61 0.4 0.46 0.25 0.26 1.31 0.17 0.22 17.74 4.38 f 0 0 0 0 0 0 0 0 0 0 0 0 1 0 0 0 0 0 0 0 0 0 0 0 0 0 1 0 0 0 0 0 0 0 0 0 1 0 1 0 0 0 0 0 
0.33 0.06 0.07 0.38 0.09 0.09 0.36 0.06 0.07 0.07 0.16 0.02 0.04 5.28 4.54 f 0 0 0 0 0 0 0 0 0 0 0 0 1 0 0 0 0 0 0 0 0 0 0 0 0 0 1 0 0 0 0 0 0 0 0 0 1 0 1 0 0 0 0 0 
0.07 0.02 0.02 0.15 0.02 0.02 0.15 0.02 0.02 0.02 0.02 0.01 0.02 0.25 0.15 f 0 0 0 0 0 0 0 0 0 0 0 0 1 0 0 0 0 0 0 0 0 0 0 0 0 0 1 0 0 0 0 0 0 0 0 0 1 0 1 0 0 0 0 0 
2.26 2.74 0.81 1.59 1.14 1.16 0.72 1.2 0.66 0.66 1.36 0.63 0.41 15.02 2.98 f 0 0 0 0 0 0 0 0 0 0 0 0 1 0 0 0 0 0 0 0 0 0 0 0 0 0 1 0 0 0 0 0 0 0 0 0 1 0 1 0 0 0 0 0 
3600.0 3600.0 1323.49 3600.0 3600.0 3600.0 3600.0 3600.0 3600.0 3600.0 3600.0 3600.0 3600.0 3600.0 3600.0 f 0 0 0 0 0 1 0 0 0 1 0 0 0 0 0 0 0 0 0 0 0 0 1 0 0 0 0 0 1 0 0 0 0 0 0 0 0 0 1 0 1 0 1 0 
3600.0 3600.0 1626.95 3600.0 3600.0 3600.0 3600.0 3600.0 3600.0 3600.0 3600.0 3600.0 3600.0 3600.0 3600.0 f 0 0 0 0 0 1 0 0 0 1 0 0 0 0 0 0 0 0 0 0 0 0 1 0 0 0 0 0 1 0 0 0 0 0 0 0 0 0 1 0 1 0 1 0 
3600.0 1096.45 222.42 3600.0 3091.7 2760.21 3600.0 3600.0 3600.0 3600.0 3600.0 3600.0 3600.0 3600.0 3600.0 f 0 0 0 0 0 1 0 0 0 1 0 0 0 0 0 0 0 0 0 0 0 0 1 0 0 0 0 0 1 0 0 0 0 0 0 0 0 0 1 0 1 0 0 0 
215.35 34.92 9.61 23.27 413.58 566.25 7.1 1.93 3600.0 2369.35 1.72 3600.0 3600.0 3600.0 3600.0 f 1 0 0 0 0 0 0 0 0 0 0 0 0 0 0 0 0 0 0 0 0 0 0 0 0 0 0 0 0 0 0 0 0 0 0 0 1 0 1 0 0 0 0 1 
3600.0 3600.0 1569.47 3600.0 3600.0 3600.0 3600.0 3600.0 3600.0 3600.0 3600.0 3600.0 3600.0 3600.0 3600.0 f 0 0 0 0 0 1 0 0 0 1 0 0 0 0 0 0 0 0 0 0 0 0 1 0 0 0 0 0 1 0 0 0 0 0 0 0 0 0 1 0 1 0 1 0 
8.11 11.18 4.47 9.92 14.5 15.21 5.13 0.53 3600.0 3600.0 0.54 3600.0 3600.0 3600.0 3600.0 f 1 0 0 0 0 0 0 0 0 1 0 0 0 0 0 0 0 0 0 0 0 0 0 0 0 0 0 0 0 0 0 0 0 0 0 0 1 0 1 0 0 0 0 0 
0.01 0.01 0.01 0.09 0.01 0.02 0.09 0.02 0.02 0.01 0.02 0.02 0.02 0.02 0.01 f 0 0 0 0 0 0 0 0 0 0 0 0 0 0 0 0 0 0 0 0 0 0 0 0 0 0 1 0 0 0 0 0 0 0 0 0 1 0 1 0 0 0 0 0 
0.03 0.02 0.01 0.12 0.01 0.02 0.12 0.01 0.02 0.01 0.01 0.12 0.14 0.02 0.02 f 0 0 0 0 0 0 0 0 0 0 0 0 0 0 0 0 0 0 0 0 0 0 0 0 0 0 0 0 0 0 0 0 0 0 0 0 1 0 1 0 0 0 0 0 
0.03 0.01 0.01 0.11 0.01 0.01 0.11 0.01 0.01 0.01 0.02 0.03 0.03 0.01 0.02 f 0 0 0 0 0 0 0 0 0 0 0 0 1 0 0 0 0 0 0 0 0 0 0 0 0 0 1 0 0 0 0 0 0 0 0 0 1 0 1 0 0 0 0 0 
0.04 0.05 0.02 0.16 0.02 0.08 0.14 0.01 0.02 0.04 0.02 0.5 0.85 0.02 0.01 f 0 0 0 0 0 0 0 0 0 0 0 0 1 0 0 0 0 0 0 0 0 0 0 0 0 0 1 0 0 0 0 0 0 0 0 0 1 0 1 0 0 0 0 0 
0.02 0.01 0.01 0.1 0.01 0.02 0.09 0.01 0.02 0.02 0.02 0.01 0.01 0.01 0.01 f 0 0 0 0 0 0 0 0 0 0 0 0 0 0 0 0 0 0 0 0 0 0 0 0 0 0 0 0 0 0 0 0 0 0 0 0 1 0 1 0 0 0 0 0 
49.52 26.31 21.6 51.62 156.53 156.2 51.83 18.05 58.2 59.23 18.59 33.28 33.88 481.13 592.34 f 1 0 0 0 0 0 0 0 0 1 0 0 1 0 0 0 0 0 0 1 0 0 1 0 0 0 1 0 0 0 0 0 1 0 0 0 0 1 1 0 1 0 0 1 
3.68 14.41 2.84 16.09 26.01 25.96 16.1 2.78 28.68 28.84 2.81 10.25 10.39 40.49 25.73 f 1 0 0 0 0 0 0 0 0 1 0 0 1 0 0 0 0 0 0 1 0 0 1 0 0 0 1 0 0 0 0 0 1 0 0 0 0 1 1 0 1 0 0 1 
108.33 35.11 3600.0 422.84 3600.0 3600.0 3600.0 3600.0 3600.0 3600.0 3600.0 3600.0 2540.85 3600.0 3600.0 f 0 0 0 0 0 0 0 0 0 0 0 0 1 0 0 0 0 0 0 0 0 0 0 0 0 0 1 0 0 0 0 0 0 0 0 0 0 0 1 0 0 0 0 0 
0.11 0.08 0.03 0.18 0.19 0.19 0.16 0.03 0.13 0.13 0.03 0.23 0.34 2.07 1.11 f 0 0 0 0 0 0 0 0 0 0 0 0 1 0 0 0 0 0 0 0 0 0 0 0 0 0 1 0 0 0 0 0 0 0 0 0 0 0 1 0 0 0 0 0 
3.74 0.91 1.64 0.9 3600.0 3600.0 3.54 5.48 3600.0 3600.0 22.14 252.96 2293.83 3600.0 3600.0 f 0 0 0 0 0 0 0 0 0 0 0 0 1 0 0 0 0 0 0 0 0 0 0 0 0 0 1 0 0 0 0 0 0 0 0 0 0 0 1 0 0 0 0 0 
25.63 3600.0 3600.0 3600.0 3600.0 3600.0 3600.0 3600.0 3600.0 3600.0 3600.0 3600.0 3600.0 3600.0 3600.0 f 0 0 0 0 0 1 0 0 0 0 0 0 0 0 0 0 0 0 0 0 0 0 0 0 0 0 0 0 0 0 0 0 0 0 0 1 0 0 0 0 0 0 0 0 
0.96 7.24 0.25 2.25 1.17 1.1 0.59 1.1 1.67 1.58 1.08 0.65 3600.0 1.16 0.59 f 0 0 0 0 0 0 0 0 0 0 0 0 0 0 0 0 0 0 0 0 0 0 0 0 0 0 0 0 0 0 0 0 0 0 0 0 0 0 0 0 0 0 0 0 
219.0 22.83 9.5 16.99 130.91 130.19 13.91 9.48 67.04 68.06 3.15 3600.0 3600.0 747.66 1175.99 f 1 0 0 0 0 0 0 0 0 0 0 0 1 0 0 0 0 0 0 0 0 0 0 0 0 0 1 0 0 0 0 0 0 0 0 0 0 0 0 0 0 0 0 1 
3600.0 179.7 140.93 132.77 913.75 880.19 573.99 430.69 1005.55 940.82 127.45 3600.0 3600.0 3600.0 3600.0 f 1 0 0 0 0 0 0 0 0 0 0 0 1 0 0 0 0 0 0 0 0 0 0 0 0 0 1 0 0 0 0 0 0 0 0 0 0 0 0 0 0 0 0 1 
80.0 9.3 1.93 7.77 37.04 36.98 6.03 2.21 37.21 36.8 1.99 3600.0 3600.0 21.65 3.67 f 1 0 0 0 0 0 0 0 0 0 0 0 1 0 0 0 0 0 0 0 0 0 0 0 0 0 1 0 0 0 0 0 0 0 0 0 0 0 0 0 0 0 0 1 
3.1 1.03 1.35 6.25 32.26 32.15 6.06 1.24 28.42 28.42 1.25 0.21 3600.0 0.69 0.54 f 1 0 0 0 0 0 0 0 0 0 0 0 1 0 0 0 0 0 0 0 0 0 0 0 0 0 1 0 0 0 0 0 0 0 0 0 0 0 0 0 0 0 0 1 
2.8 0.36 1.36 5.89 18.13 18.19 5.75 0.95 18.11 18.01 0.95 0.2 119.15 0.67 0.53 f 1 0 0 0 0 0 0 0 0 0 0 0 1 0 0 0 0 0 0 0 0 0 0 0 0 0 1 0 0 0 0 0 0 0 0 0 0 0 0 0 0 0 0 1 
19.72 11.59 13.13 14.32 57.84 57.57 17.9 10.75 40.85 40.55 10.8 3600.0 3600.0 196.74 8.5 f 1 0 0 0 0 0 0 0 0 0 0 0 1 0 0 0 0 0 0 0 0 0 0 0 0 0 1 0 0 0 0 0 0 0 0 0 0 0 0 0 0 0 0 1 
3.75 0.6 1.57 6.41 30.74 30.94 5.83 1.34 28.11 28.02 1.34 3600.0 3600.0 4.67 0.89 f 1 0 0 0 0 0 0 0 0 0 0 0 1 0 0 0 0 0 0 0 0 0 0 0 0 0 1 0 0 0 0 0 0 0 0 0 0 0 0 0 0 0 0 1 
169.03 127.09 20.68 13.43 94.62 93.66 19.52 23.8 89.35 91.62 23.02 3600.0 3600.0 902.77 303.79 f 1 0 0 0 0 0 0 0 0 0 0 0 1 0 0 0 0 0 0 0 0 0 0 0 0 0 1 0 0 0 0 0 0 0 0 0 0 0 0 0 0 0 0 1 
70.41 409.56 2.74 9.22 29.25 29.44 7.56 7.25 22.63 22.68 6.87 3600.0 3600.0 81.82 4.71 f 1 0 0 0 0 0 0 0 0 0 0 0 1 0 0 0 0 0 0 0 0 0 0 0 0 0 1 0 0 0 0 0 0 0 0 0 0 0 0 0 0 0 0 1 
2490.49 323.7 545.48 1389.91 1042.57 817.22 1484.66 3600.0 1777.53 1788.03 3600.0 3600.0 3600.0 3600.0 3600.0 f 1 0 0 0 0 0 0 0 0 0 0 0 1 0 0 0 0 0 0 0 0 0 0 0 0 0 1 0 0 0 0 0 0 0 0 0 0 0 0 0 0 0 0 1 
2.87 0.45 1.37 5.88 49.31 49.59 5.9 0.97 36.5 36.26 0.97 3600.0 3600.0 2.95 1.23 f 1 0 0 0 0 0 0 0 0 0 0 0 1 0 0 0 0 0 0 0 0 0 0 0 0 0 1 0 0 0 0 0 0 0 0 0 0 0 0 0 0 0 0 1 
8.6 2.69 1.67 7.76 28.97 28.76 6.12 1.73 23.5 23.4 1.73 3600.0 3600.0 4.96 0.98 f 1 0 0 0 0 0 0 0 0 0 0 0 1 0 0 0 0 0 0 0 0 0 0 0 0 0 1 0 0 0 0 0 0 0 0 0 0 0 0 0 0 0 0 1 
4.8 1.96 1.47 6.08 34.59 34.64 5.82 1.29 23.44 23.7 1.29 3600.0 3600.0 4.14 2.26 f 1 0 0 0 0 0 0 0 0 0 0 0 1 0 0 0 0 0 0 0 0 0 0 0 0 0 1 0 0 0 0 0 0 0 0 0 0 0 0 0 0 0 0 1 
3.04 0.34 1.37 5.82 25.49 25.56 5.77 0.95 23.26 23.26 0.95 0.2 758.95 0.66 0.53 f 1 0 0 0 0 0 0 0 0 0 0 0 1 0 0 0 0 0 0 0 0 0 0 0 0 0 1 0 0 0 0 0 0 0 0 0 0 0 0 0 0 0 0 1 
3381.48 66.25 9.16 1866.4 3600.0 3600.0 810.29 87.03 2131.85 2155.25 17.9 3600.0 3600.0 3600.0 3600.0 f 1 0 0 0 0 0 0 0 0 0 0 0 1 0 0 0 0 0 0 0 0 0 0 0 0 0 1 0 0 0 0 0 0 0 0 0 0 0 0 0 0 0 0 1 
272.83 38.94 8.31 26.95 476.72 480.24 23.82 14.91 195.64 198.89 5.51 3600.0 3600.0 3600.0 3600.0 f 1 0 0 0 0 0 0 0 0 0 0 0 1 0 0 0 0 0 0 0 0 0 0 0 0 0 1 0 0 0 0 0 0 0 0 0 0 0 0 0 0 0 0 1 
243.23 8.22 20.88 9.38 290.62 287.19 9.33 4.38 230.51 229.08 2.52 3600.0 3600.0 396.69 102.68 f 1 0 0 0 0 0 0 0 0 0 0 0 1 0 0 0 0 0 0 0 0 0 0 0 0 0 1 0 0 0 0 0 0 0 0 0 0 0 0 0 0 0 0 1 
4.46 0.61 1.37 8.11 33.89 33.63 5.69 1.26 26.0 26.05 1.28 3600.0 2860.05 2.79 1.05 f 1 0 0 0 0 0 0 0 0 0 0 0 1 0 0 0 0 0 0 0 0 0 0 0 0 0 1 0 0 0 0 0 0 0 0 0 0 0 0 0 0 0 0 1 
44.81 15.76 2.42 15.81 177.04 178.33 7.11 4.83 43.85 43.39 5.33 3600.0 3600.0 432.88 177.66 f 1 0 0 0 0 0 0 0 0 0 0 0 1 0 0 0 0 0 0 0 0 0 0 0 0 0 1 0 0 0 0 0 0 0 0 0 0 0 0 0 0 0 0 1 
0.51 1.39 0.62 4.27 0.38 38.49 3.86 0.38 0.28 40.31 0.4 5.53 3.06 17.0 6.55 f 0 0 0 0 0 0 0 0 0 1 0 1 1 0 0 0 0 0 0 1 0 1 0 0 0 0 1 0 0 0 0 0 1 0 0 0 0 0 0 0 1 0 1 0 
1.09 4.69 1.49 6.08 0.65 27.71 4.89 1.05 0.42 25.96 1.07 8.96 5.19 13.74 5.76 f 0 0 0 0 0 0 0 0 0 1 0 0 1 0 0 0 0 0 0 1 0 0 0 0 0 0 1 0 0 0 0 0 1 0 0 0 1 0 1 0 1 0 1 0 
1.9 3.22 0.83 3.26 0.39 3.58 2.73 0.54 0.22 2.62 0.57 3.31 2.57 6.79 3.3 f 0 0 0 0 0 0 0 0 0 1 0 0 1 0 0 0 0 0 0 1 0 0 0 0 0 0 1 0 0 0 0 0 1 0 0 0 1 0 1 0 1 0 1 0 
5.64 5.78 1.19 5.94 0.6 29.85 4.91 0.81 0.35 24.83 0.8 9.93 7.8 12.54 5.7 f 0 0 0 0 0 0 0 0 0 1 0 0 1 0 0 0 0 0 0 1 0 0 0 0 0 0 1 0 0 0 0 0 1 0 0 0 1 0 1 0 1 0 1 0 
2.79 4.1 1.61 10.83 5.61 22.56 10.43 6.35 3.54 13.72 6.57 5.21 5.76 161.92 63.12 f 0 0 0 0 0 1 0 0 0 1 0 1 0 0 0 0 0 0 0 1 0 1 0 1 0 0 1 0 0 0 0 0 1 0 0 0 1 0 1 0 0 0 0 0 
1.43 4.51 1.13 4.96 0.52 18.13 4.14 0.81 0.28 14.08 0.8 6.65 7.88 11.37 4.92 f 0 0 0 0 0 0 0 0 0 1 0 0 1 0 0 0 0 0 0 1 0 0 0 0 0 0 1 0 0 0 0 0 1 0 0 0 1 0 1 0 1 0 1 0 
5.56 13.2 9.48 12.61 34.29 30.14 21.2 16.63 12.33 11.97 12.19 13.17 9.91 364.55 142.28 f 0 0 0 0 0 0 0 0 0 1 0 1 1 0 0 0 0 0 0 1 0 1 0 0 0 0 1 0 0 0 0 0 1 0 0 0 0 0 0 0 1 0 0 0 
11.32 7.98 11.35 11.07 15.21 16.3 5.45 4.79 4.35 4.46 5.06 16.32 8.35 80.84 58.09 f 0 0 0 0 0 1 0 0 0 1 0 1 1 0 0 0 0 0 0 1 0 1 0 1 0 0 1 0 0 0 0 0 1 0 0 0 1 0 1 0 0 0 0 0 
1.64 4.16 0.96 6.38 0.53 44.59 5.6 0.84 0.31 35.75 0.85 8.68 15.01 20.16 8.3 f 0 0 0 0 0 0 0 0 0 1 0 0 1 0 0 0 0 0 0 1 0 0 0 0 0 0 1 0 0 0 0 0 1 0 0 0 1 0 1 0 1 0 1 0 
0.2 1.06 0.39 3.63 0.26 23.42 3.42 0.32 0.21 19.82 0.33 5.08 3.14 10.97 3.74 f 0 0 0 0 0 0 0 0 0 1 0 1 1 0 0 0 0 0 0 1 0 1 0 0 0 0 1 0 0 0 0 0 1 0 0 0 0 0 0 0 1 0 1 0 
1.13 3.18 0.75 4.58 0.44 10.8 3.89 0.55 0.24 8.71 0.55 5.85 5.4 10.92 4.79 f 0 0 0 0 0 0 0 0 0 1 0 0 1 0 0 0 0 0 0 1 0 0 0 0 0 0 1 0 0 0 0 0 1 0 0 0 1 0 1 0 1 0 1 0 
0.01 0.01 0.01 0.09 0.01 0.02 0.09 0.01 0.01 0.01 0.01 0.01 0.01 0.01 0.01 f 0 0 0 0 0 1 0 0 0 0 0 0 0 0 0 0 0 0 0 0 0 0 0 0 0 0 0 0 0 0 0 0 0 0 0 1 0 0 1 0 0 0 0 0 
0.01 0.01 0.01 0.17 0.01 0.02 0.17 0.01 0.02 0.02 0.01 0.02 0.01 0.02 0.01 f 0 0 0 0 0 0 0 0 0 0 0 0 1 0 0 0 0 0 0 0 0 0 0 0 0 0 1 0 1 0 0 0 0 0 0 1 1 0 1 0 0 0 0 0 
1.67 0.19 0.08 0.32 0.8 7.02 0.27 0.23 0.39 2.45 0.87 9.62 16.53 8.71 4.61 f 0 0 0 0 0 1 0 0 0 1 0 0 0 0 0 0 0 0 0 1 0 0 0 0 0 0 0 0 0 0 0 0 0 0 0 0 1 0 1 0 1 0 0 0 
0.02 0.01 0.02 0.11 0.01 0.01 0.11 0.01 0.02 0.01 0.01 0.01 0.01 0.01 0.01 f 0 0 0 0 0 0 0 0 0 0 0 0 0 0 0 0 0 0 0 0 0 0 0 0 0 0 1 0 0 0 0 0 0 0 0 0 1 0 1 0 0 0 0 0 
98.48 1.46 0.61 1.62 0.2 0.26 1.31 24.6 0.27 0.28 3.42 0.11 0.11 63.88 122.98 f 0 0 0 0 0 0 0 0 0 0 0 0 1 0 0 0 0 0 0 0 0 0 0 0 0 0 0 0 0 0 0 0 0 0 0 0 0 1 1 0 0 0 0 0 
108.92 3.59 1.37 10.44 0.41 0.41 14.19 560.32 0.36 0.36 147.69 0.18 0.16 1404.33 945.1 f 0 0 0 0 0 1 0 0 0 0 0 0 1 0 0 0 0 0 0 0 0 0 0 0 0 0 0 0 0 0 0 0 0 0 0 0 0 1 0 0 0 0 0 0 
107.53 7.35 14.69 5.99 0.39 0.39 6.33 181.98 0.39 0.39 115.58 0.17 0.24 154.45 470.42 f 0 0 0 0 0 1 0 0 0 0 0 0 1 0 0 0 0 0 0 0 0 0 0 1 0 0 0 0 0 0 0 0 0 0 0 0 0 1 1 0 0 0 0 0 
124.07 4.43 647.25 98.93 0.62 0.57 81.51 550.36 0.53 0.6 440.92 0.29 0.25 281.04 1512.83 f 0 0 0 0 0 1 0 0 0 0 0 0 1 0 0 0 0 0 0 0 0 0 0 1 0 0 0 0 0 0 0 0 0 0 0 0 0 1 1 0 0 0 0 0 
133.89 7.11 2.85 15.27 0.83 0.84 13.61 846.24 0.75 0.82 178.02 0.07 0.08 281.2 414.3 f 0 0 0 0 0 0 0 0 0 0 0 0 1 0 0 0 0 0 0 0 0 0 0 0 0 0 0 0 0 0 0 0 0 0 0 0 0 1 1 0 0 0 0 0 
6.09 0.92 2.19 0.92 0.1 0.1 1.01 8.29 0.07 0.07 26.36 0.02 0.02 14.83 14.33 f 0 0 0 0 0 1 0 0 0 0 0 0 0 0 0 0 0 0 0 0 0 0 0 0 0 0 0 0 0 0 0 0 0 0 0 0 0 1 1 0 0 0 0 0 
36.29 71.42 39.51 20.94 22.37 21.52 21.21 361.84 22.28 22.35 325.7 4.16 4.26 3600.0 3600.0 f 0 0 0 0 0 1 1 0 0 0 0 0 0 0 0 0 0 0 0 0 0 0 0 0 0 0 0 0 0 0 0 0 0 0 0 0 1 0 1 0 0 0 0 0 
26.16 104.29 24.01 48.68 6.73 6.64 40.04 1032.26 13.87 13.92 249.53 2.96 3.2 3469.02 3600.0 f 0 0 0 0 0 1 1 0 0 0 0 0 0 0 0 0 0 0 0 0 0 0 0 1 0 0 0 0 0 0 0 0 0 0 0 0 1 0 1 0 0 0 0 0 
13.49 2.47 9.05 4.16 11.55 11.45 6.19 330.38 8.26 8.23 192.01 0.35 0.51 1467.73 1578.31 f 0 0 0 0 0 1 0 0 0 0 0 0 0 0 0 0 0 0 0 0 0 0 0 0 0 0 0 0 0 0 0 0 0 0 0 0 1 1 1 0 0 0 0 0 
26.02 1.01 0.96 0.91 0.07 0.07 1.0 1.02 0.07 0.07 0.96 0.02 0.02 44.69 35.08 f 0 0 0 0 0 0 0 0 0 0 0 0 1 0 0 0 0 0 0 0 0 0 0 0 0 0 0 0 0 0 0 0 0 0 0 0 0 1 1 0 0 0 0 0 
2.59 4.9 6.31 2.85 0.52 0.51 1.1 20.55 0.56 0.62 17.64 0.51 0.49 2517.61 1712.72 f 0 0 0 0 0 1 1 0 0 0 0 0 0 0 0 0 0 0 0 0 0 0 0 1 0 0 0 0 0 0 0 0 0 0 0 0 1 0 1 0 0 0 0 0 
20.3 0.95 3.88 0.89 1.19 1.17 0.66 2.0 0.69 0.7 7.64 0.03 0.02 19.71 8.61 f 0 0 0 0 0 1 0 0 0 0 0 0 1 0 0 0 0 0 0 0 0 0 0 0 0 0 0 0 0 0 0 0 0 0 0 0 0 1 1 0 0 0 0 0 
126.11 8.14 1.63 7.38 0.34 0.33 8.68 549.13 0.37 0.36 201.1 0.08 0.09 353.24 391.96 f 0 0 0 0 0 1 0 0 0 0 0 0 1 0 0 0 0 0 0 0 0 0 0 0 0 0 0 0 0 0 0 0 0 0 0 0 0 1 1 0 0 0 0 0 
5.35 1.32 8.65 1.27 0.76 0.75 2.57 60.86 0.47 0.46 46.08 0.19 0.18 207.06 230.98 f 0 0 0 0 0 1 0 0 0 0 0 0 0 0 0 0 0 0 0 0 0 0 0 0 0 0 0 0 0 0 0 0 0 0 0 0 1 1 1 0 0 0 0 0 
3600.0 3600.0 2987.21 3600.0 3600.0 3600.0 3600.0 3600.0 3600.0 3600.0 1284.43 3600.0 3600.0 3600.0 3600.0 f 1 1 0 0 0 0 0 0 0 1 0 0 0 0 0 0 0 0 0 1 0 0 0 1 0 0 1 0 0 0 0 0 0 0 0 0 0 1 0 0 1 0 0 0 
30.28 3.13 1.01 1.93 0.07 0.04 0.42 0.08 0.11 0.04 0.09 0.45 2.02 0.04 0.03 f 0 0 0 0 0 1 0 0 0 0 0 0 0 0 0 0 0 0 0 0 0 0 0 1 0 0 0 0 0 0 0 0 0 0 0 0 1 0 0 0 0 0 0 0 
2.8 1.26 2.76 15.95 1.63 1.8 15.94 2.76 1.22 1.4 2.74 20.7 53.16 1.47 1.1 f 1 1 0 0 0 1 0 0 0 1 0 1 1 0 0 0 0 0 0 1 0 0 0 1 0 0 1 0 0 0 0 0 0 0 0 0 0 1 1 0 1 0 1 0 
478.14 333.18 93.52 408.15 991.77 228.0 407.53 136.78 405.32 375.54 206.24 3600.0 3600.0 208.97 200.15 f 1 1 0 0 0 1 0 0 0 1 0 0 0 0 0 0 0 0 0 1 0 0 0 1 0 0 1 0 0 0 0 0 0 0 0 0 0 1 1 0 1 0 1 0 
28.82 0.98 1.72 8.84 1.2 1.0 8.85 2.78 0.74 0.83 2.8 409.25 143.59 0.8 0.61 f 0 0 0 0 0 1 0 0 0 1 0 0 0 0 0 0 0 0 0 1 0 0 0 1 0 0 0 0 0 0 0 0 0 0 0 0 1 0 1 0 1 0 1 0 
41.18 2.51 5.8 27.75 4.45 9.6 27.87 12.13 2.36 2.76 11.15 12.9 207.82 9.91 2.09 f 1 1 0 0 0 1 0 0 0 1 0 0 0 0 0 0 0 0 0 1 0 0 0 1 0 0 1 0 0 0 0 0 0 0 0 0 0 1 1 0 1 0 1 0 
1.53 1.62 1.59 10.74 1.09 1.25 10.72 1.92 0.89 0.99 1.96 170.85 481.11 1.02 0.77 f 0 0 0 0 0 1 0 0 0 1 0 0 0 0 0 0 0 0 0 1 0 0 0 1 0 0 0 0 0 0 0 0 0 0 0 0 1 0 1 0 1 0 0 0 
3.29 0.85 1.09 6.6 0.55 0.63 6.58 1.56 0.47 0.54 2.13 1.38 8.59 0.5 0.39 f 0 0 0 0 0 1 0 0 0 1 0 0 0 0 0 0 0 0 0 1 0 0 0 1 0 0 1 0 0 0 0 0 0 0 0 0 0 1 1 0 1 0 1 0 
0.03 0.14 0.04 0.29 0.02 0.02 0.26 0.02 0.01 0.02 0.02 0.09 0.2 0.03 0.02 f 0 0 0 0 0 1 0 0 0 0 0 0 0 0 0 0 0 0 0 0 0 0 0 1 0 0 0 0 0 0 0 0 0 0 0 0 1 0 0 0 0 0 0 0 
0.07 0.04 0.05 0.29 0.05 0.05 0.23 0.01 0.03 0.03 0.01 0.37 0.55 0.09 0.07 f 0 0 0 0 0 1 0 0 0 0 0 0 1 0 0 0 0 1 0 0 0 0 0 0 0 0 0 0 0 0 0 0 0 0 0 1 0 0 0 0 0 0 0 0 
0.22 0.73 0.34 2.02 0.17 0.17 0.37 1.02 0.11 0.11 0.41 11.49 12.21 1.01 2.83 f 0 0 0 0 0 1 0 0 0 0 0 0 1 0 0 0 0 1 0 0 0 0 0 0 0 0 0 0 0 0 0 0 0 0 0 1 0 0 0 0 0 0 0 0 
0.17 0.16 0.08 0.54 0.03 0.07 0.17 0.05 0.03 0.05 0.11 10.04 14.31 0.13 0.1 f 0 0 0 0 0 1 0 0 0 0 0 0 1 0 0 0 0 0 0 0 0 0 0 0 0 0 0 0 0 0 0 0 0 0 0 1 0 0 0 0 0 0 0 0 
2.21 2531.11 3600.0 2410.28 3600.0 3600.0 3600.0 3600.0 3600.0 3600.0 3600.0 3600.0 3600.0 1847.6 3600.0 f 0 0 0 0 0 1 1 1 0 0 0 0 1 0 0 0 0 1 0 0 0 0 0 0 0 0 0 0 0 0 0 0 0 0 0 1 0 0 1 0 0 0 0 0 
0.11 0.05 0.04 0.16 0.05 0.05 0.14 0.01 0.04 0.04 0.01 0.04 0.04 0.05 0.04 f 0 0 0 0 0 0 0 0 0 0 0 0 1 0 0 0 0 1 0 0 0 0 0 0 0 0 0 0 0 0 0 0 0 0 0 0 0 0 0 0 0 0 0 0 
0.12 0.54 0.41 0.58 0.13 0.19 0.17 0.06 0.06 0.1 0.04 23.32 44.18 1.28 1.18 f 0 0 0 0 0 1 0 0 0 0 0 0 1 0 0 0 0 1 0 0 0 0 0 0 0 0 0 0 0 0 0 0 0 0 0 1 0 0 0 0 0 0 0 0 
0.38 5.92 1.24 1.39 138.3 135.61 1.89 0.4 427.59 424.77 1.23 3600.0 3600.0 0.29 0.09 f 0 0 0 0 0 1 1 0 0 1 0 0 1 0 0 0 1 0 1 0 0 0 0 0 0 0 0 0 0 0 1 0 0 0 0 1 0 0 1 0 1 0 0 0 
0.66 210.07 3600.0 3600.0 3600.0 3600.0 3600.0 3600.0 3600.0 3600.0 3600.0 3600.0 3600.0 3600.0 3600.0 f 0 0 0 0 0 1 1 1 0 0 0 0 1 0 0 0 0 0 0 0 0 1 0 0 0 0 0 0 0 0 0 0 0 0 0 1 0 0 1 0 0 0 0 0 
0.61 0.5 0.42 0.53 0.36 0.36 0.67 1.42 0.19 0.18 19.04 3600.0 3600.0 12.16 756.65 f 0 0 0 0 0 1 0 0 0 0 0 0 1 0 0 0 0 0 0 0 0 0 0 0 0 0 0 0 0 0 0 0 0 0 0 1 0 0 0 0 0 0 0 0 
1.44 7.37 2.62 6.47 0.5 79.17 2.25 0.55 0.22 17.11 0.51 3600.0 3600.0 3600.0 3600.0 f 0 0 0 0 0 1 0 0 0 0 0 0 1 0 0 0 0 1 0 0 0 0 0 0 0 0 0 0 0 0 0 0 0 0 0 1 0 0 0 0 1 0 0 0 
0.97 16.84 3600.0 1400.53 3600.0 3600.0 3600.0 84.15 3600.0 3600.0 3600.0 3600.0 3600.0 3600.0 3600.0 f 0 0 0 0 0 1 1 0 0 0 0 0 1 0 0 0 0 1 0 0 0 0 0 0 0 0 0 0 0 0 0 0 0 0 0 1 0 0 0 0 0 0 0 0 
0.5 9.44 1567.07 341.03 983.68 172.62 972.0 3600.0 3600.0 112.65 3600.0 3600.0 3600.0 3600.0 3600.0 f 0 0 0 0 0 1 0 0 0 0 0 0 1 0 0 0 0 1 0 0 0 0 0 0 0 0 0 0 0 0 0 0 0 0 0 1 0 0 0 0 0 0 0 0 
1.7 3600.0 3600.0 3600.0 3600.0 3600.0 3600.0 3600.0 3600.0 3600.0 3600.0 3600.0 3600.0 3600.0 3600.0 f 0 0 0 0 0 1 1 1 0 0 0 0 0 0 0 0 0 0 0 0 0 0 0 0 0 0 0 0 0 0 0 0 0 0 0 1 0 0 1 0 0 0 0 0 
0.2 0.04 0.03 0.16 110.18 113.72 0.14 0.02 43.62 44.21 0.01 328.7 615.52 0.02 0.02 f 0 0 0 0 0 1 0 0 0 0 0 0 1 0 0 0 0 1 0 0 0 0 0 0 0 0 0 0 0 0 0 0 0 0 0 1 0 0 0 0 0 0 0 0 
0.75 3600.0 3600.0 3600.0 3600.0 3600.0 3600.0 3600.0 3600.0 3600.0 3600.0 3600.0 3600.0 3600.0 3600.0 f 0 0 0 0 0 1 0 0 0 0 0 0 1 0 0 0 0 1 0 0 0 0 0 0 0 0 0 0 0 0 0 0 0 0 0 1 0 0 0 0 0 0 0 0 
0.43 3.58 3600.0 3600.0 288.69 3600.0 3600.0 3600.0 1303.4 3600.0 2227.52 3600.0 3600.0 3600.0 3600.0 f 0 0 0 0 0 1 1 0 0 0 0 0 1 0 0 0 0 1 0 0 0 0 0 0 0 0 0 0 0 0 0 0 0 0 0 1 0 0 0 0 0 0 0 0 
101.6 3600.0 3600.0 3600.0 3600.0 3600.0 3600.0 3600.0 3600.0 3600.0 3600.0 3600.0 3600.0 3600.0 3600.0 f 1 1 0 0 0 1 0 0 0 0 0 0 1 0 0 0 0 0 0 1 0 0 0 0 0 0 1 0 0 0 0 0 0 0 0 1 1 0 1 0 0 0 0 0 
5.84 249.52 3600.0 3600.0 3600.0 3600.0 3600.0 3600.0 3600.0 3600.0 3600.0 3600.0 3600.0 3600.0 3600.0 f 0 0 0 0 0 0 0 0 0 0 0 0 1 0 0 0 0 0 0 0 0 0 0 0 0 0 1 0 0 0 0 0 0 0 0 0 1 0 1 0 0 0 0 0 
345.21 2084.92 579.66 2795.15 235.53 229.78 2810.43 2175.78 3000.81 2979.33 2187.45 3600.0 3600.0 533.88 3600.0 f 1 1 0 0 0 1 0 0 0 1 0 0 0 0 0 0 0 0 0 1 0 0 0 1 0 0 0 0 0 0 0 0 0 0 0 0 1 0 1 0 1 0 0 0 
0.08 0.03 0.04 0.26 0.17 0.17 0.26 0.03 0.17 0.17 0.03 0.03 0.02 0.05 0.05 f 0 0 0 0 0 1 0 0 0 0 0 0 1 0 0 0 0 0 0 0 0 0 0 0 0 0 1 0 0 0 0 0 0 0 0 0 1 0 1 0 0 0 0 0 
175.29 118.52 264.13 136.95 230.69 231.21 209.85 313.67 231.11 243.52 315.68 80.45 157.72 1752.2 3600.0 f 0 0 0 0 0 1 0 0 0 1 0 0 1 0 0 0 0 0 0 1 0 0 0 0 0 0 1 0 0 0 0 0 0 0 0 0 1 0 1 0 1 0 0 0 
1.34 0.02 0.09 0.23 0.04 0.03 0.23 0.09 0.04 0.04 0.09 0.02 0.01 2.73 0.57 f 0 0 0 0 0 0 0 0 0 0 0 0 1 0 0 0 0 0 0 0 0 0 1 0 0 0 1 0 1 0 0 0 0 0 0 0 1 0 1 1 0 1 0 0 
0.1 0.09 0.13 1.11 0.17 0.17 1.11 0.05 0.16 0.16 0.05 0.07 0.06 1.26 0.66 f 0 0 0 0 0 0 0 0 0 1 0 0 1 0 0 0 0 0 0 1 0 0 0 0 0 0 1 0 0 0 0 0 0 0 0 0 1 0 1 0 0 0 0 0 
0.46 0.21 0.59 3.97 0.84 0.95 3.97 0.24 0.83 0.89 0.24 0.23 0.19 7.72 4.26 f 1 0 0 0 0 0 0 0 0 0 0 0 1 0 0 0 0 0 0 1 0 0 0 1 0 0 1 0 0 0 0 0 0 0 0 0 1 0 1 0 1 0 1 0 
0.36 0.18 0.48 3.01 0.68 0.73 3.01 0.23 0.62 0.67 0.23 0.21 0.2 5.21 2.86 f 0 0 0 0 0 0 0 0 0 0 0 0 1 0 0 0 0 0 0 1 0 0 0 1 0 0 1 0 0 0 0 0 0 0 0 0 1 0 1 0 0 0 0 0 
0.18 0.1 0.26 1.82 0.22 0.22 1.92 0.14 0.21 0.21 0.13 0.11 0.08 2.7 1.44 f 0 0 0 0 0 0 0 0 0 1 0 0 1 0 0 0 0 0 0 1 0 0 0 0 0 0 1 0 0 0 0 0 0 0 0 0 1 0 1 0 0 0 1 0 
21.21 14.29 3.76 78.48 536.79 705.95 64.33 75.2 408.76 357.14 3600.0 837.51 943.44 658.64 1032.28 f 0 0 0 0 0 0 0 0 0 0 0 0 1 0 0 0 0 0 0 0 0 0 0 0 0 0 0 0 0 0 0 0 0 0 0 0 1 0 0 0 0 0 0 0 
725.46 3600.0 3600.0 3600.0 3600.0 3600.0 3600.0 3600.0 3600.0 3600.0 3600.0 3600.0 3600.0 3600.0 3600.0 f 0 0 0 0 0 0 0 0 0 0 0 1 0 0 0 0 0 1 0 0 0 1 0 0 0 0 0 0 0 0 0 0 0 0 1 0 0 0 0 0 0 0 0 0 
0.8 0.33 1.68 0.36 0.17 0.17 0.42 0.32 0.13 0.13 0.51 1133.67 1917.73 0.62 0.19 f 0 0 0 0 0 1 0 0 0 0 0 0 0 0 0 0 0 1 0 0 0 0 0 0 0 0 0 0 0 0 0 0 0 0 0 1 0 0 0 0 0 0 0 0 
57.16 3.49 2.58 5.3 2.89 2.87 1.71 1.6 2.94 2.98 1.39 215.03 140.32 10.72 19.2 f 0 0 0 0 0 1 0 0 0 0 0 0 0 0 0 0 0 0 0 0 0 0 0 1 0 0 0 0 0 0 0 0 0 0 0 0 1 0 0 0 0 0 0 0 
46.79 6.86 2.63 5.12 17.17 17.46 3.21 8.26 8.32 8.18 130.79 530.73 1016.8 37.9 16.62 f 0 0 0 0 0 1 0 0 0 0 0 0 0 0 0 0 0 0 0 0 0 0 0 1 0 0 0 0 0 0 0 0 0 0 0 0 1 0 0 0 0 0 0 0 
9.73 2.28 0.71 1.9 1.37 1.35 1.05 0.34 1.17 1.13 0.33 7.39 13.22 0.35 0.23 f 0 0 0 0 0 1 0 0 0 0 0 0 0 0 0 0 0 0 0 0 0 0 0 1 0 0 0 0 0 0 0 0 0 0 0 0 1 0 0 0 0 0 0 0 
65.05 5.13 1.97 3.73 1.46 1.93 1.7 1.14 1.75 1.58 1.35 118.22 114.0 2.39 1.34 f 0 0 0 0 0 1 0 0 0 0 0 0 0 0 0 0 0 0 0 0 0 0 0 1 0 0 0 0 0 0 0 0 0 0 0 0 1 0 0 0 0 0 0 0 
103.11 28.96 11.28 30.38 31.95 32.55 61.11 50.36 23.47 23.08 131.01 1303.41 1728.97 736.46 314.67 f 0 0 0 0 0 1 0 0 0 0 0 0 0 0 0 0 0 0 0 0 0 0 0 1 0 0 0 0 0 0 0 0 0 0 0 0 1 0 0 0 0 0 0 0 
35.85 2.56 1.37 2.54 1.54 1.54 1.48 0.64 1.25 1.27 0.61 22.99 24.27 4.04 0.57 f 0 0 0 0 0 1 0 0 0 0 0 0 0 0 0 0 0 0 0 0 0 0 0 1 0 0 0 0 0 0 0 0 0 0 0 0 1 0 0 0 0 0 0 0 
40.02 3.15 1.1 2.66 1.82 1.82 1.25 0.81 1.24 1.25 0.64 132.93 83.65 4.05 3.9 f 0 0 0 0 0 1 0 0 0 0 0 0 0 0 0 0 0 0 0 0 0 0 0 1 0 0 0 0 0 0 0 0 0 0 0 0 1 0 0 0 0 0 0 0 
33.29 3.63 1.74 3.31 0.97 1.33 1.62 0.69 0.93 1.34 0.64 28.76 30.19 0.56 0.35 f 0 0 0 0 0 1 0 0 0 0 0 0 0 0 0 0 0 0 0 0 0 0 0 1 0 0 0 0 0 0 0 0 0 0 0 0 1 0 0 0 0 0 0 0 
85.38 8.93 2.14 10.55 6.97 7.0 3.59 2.83 4.11 4.03 5.17 90.23 107.02 57.78 34.79 f 0 0 0 0 0 1 0 0 0 0 0 0 0 0 0 0 0 0 0 0 0 0 0 1 0 0 0 0 0 0 0 0 0 0 0 0 1 0 0 0 0 0 0 0 
16.16 2.91 1.21 3.47 0.92 1.11 1.57 0.55 0.88 1.05 0.57 10.22 7.9 0.57 0.33 f 0 0 0 0 0 1 0 0 0 0 0 0 0 0 0 0 0 0 0 0 0 0 0 1 0 0 0 0 0 0 0 0 0 0 0 0 1 0 0 0 0 0 0 0 
38.69 2.38 0.99 2.07 1.49 1.48 1.16 0.43 1.19 1.16 0.48 246.15 143.97 0.97 0.91 f 0 0 0 0 0 1 0 0 0 0 0 0 0 0 0 0 0 0 0 0 0 0 0 1 0 0 0 0 0 0 0 0 0 0 0 0 1 0 0 0 0 0 0 0 
121.76 5.45 1.82 4.74 1.46 4.18 1.8 1.02 1.21 2.5 1.04 44.36 58.21 1.26 1.56 f 0 0 0 0 0 1 0 0 0 0 0 0 0 0 0 0 0 0 0 0 0 0 0 1 0 0 0 0 0 0 0 0 0 0 0 0 1 0 0 0 0 0 0 0 
3.73 0.44 1.0 1.22 3.81 3.81 0.85 0.39 4.02 4.03 0.39 0.17 0.18 1.07 0.38 f 0 0 0 0 0 0 0 0 0 0 0 0 1 0 0 0 0 0 0 0 0 0 0 0 0 0 1 0 1 0 0 0 0 0 0 0 1 0 1 0 0 0 0 0 
46.95 3.79 21.85 5.37 9.67 253.33 8.05 33.01 11.65 780.49 3600.0 3600.0 3600.0 940.91 317.74 f 0 0 0 0 0 0 0 0 0 1 0 0 1 0 1 0 1 0 0 0 0 0 1 0 0 0 1 0 1 0 1 0 0 0 0 0 1 0 1 0 1 0 0 0 
55.4 32.04 10.54 11.09 5.31 5.25 4.38 5.38 2.37 2.37 2393.49 5.52 3.62 103.91 76.16 f 0 0 0 0 0 0 0 0 0 0 0 0 1 0 0 0 0 0 0 0 0 0 0 0 0 0 1 0 0 0 0 0 0 0 0 0 1 0 1 0 0 0 0 0 
0.12 0.25 0.36 1.51 0.08 0.2 1.44 11.37 0.12 0.18 11.42 3600.0 3600.0 7.36 4.28 f 0 0 0 0 0 0 0 0 0 1 0 0 1 0 1 0 1 0 0 0 0 0 1 0 0 0 1 0 1 0 1 0 0 0 0 0 1 0 1 0 1 0 0 0 
84.31 347.24 305.04 502.43 3600.0 3600.0 3600.0 3600.0 3600.0 3600.0 3600.0 3600.0 3600.0 3600.0 3600.0 f 0 0 0 0 0 0 0 0 0 1 0 0 1 0 1 0 1 0 0 1 0 0 1 0 0 0 1 0 1 0 1 0 0 0 0 0 1 0 1 0 1 0 0 0 
0.08 0.06 0.03 0.2 0.04 0.06 0.18 0.02 0.04 0.05 0.02 0.05 0.04 0.04 0.03 f 0 0 0 0 0 0 0 0 0 0 0 0 1 0 0 0 0 0 0 0 0 0 0 0 0 0 1 0 0 0 0 0 0 0 0 0 1 0 1 0 0 0 0 0 
1.0 0.16 1.21 2.35 28.7 28.24 2.37 0.41 29.09 28.26 0.4 0.1 0.08 0.4 0.26 f 0 0 0 0 0 0 0 0 0 1 0 0 0 0 0 0 0 0 0 1 0 0 0 0 0 0 0 0 0 0 0 0 0 0 0 0 0 1 1 0 1 0 0 0 
0.68 1.55 4.03 4.36 6.33 6.15 4.38 1.05 5.55 5.57 1.05 1.91 1.16 98.33 19.9 f 0 0 0 0 0 0 0 0 0 1 0 0 0 0 0 0 0 0 0 1 0 0 0 0 0 0 0 0 0 0 0 0 0 0 0 0 0 1 1 0 1 0 0 0 
3.07 1.62 3.66 5.11 82.06 82.55 5.15 2.03 71.67 70.53 2.04 2.02 2.09 62.06 6.1 f 0 0 0 0 0 0 0 0 0 1 0 0 0 0 0 0 0 0 0 1 0 0 1 0 0 0 0 0 0 0 0 0 0 0 0 0 0 1 0 0 1 0 0 0 
0.78 0.11 0.95 1.89 22.54 22.48 1.88 0.31 25.42 25.42 0.31 0.08 0.07 0.3 0.21 f 0 0 0 0 0 0 0 0 0 1 0 0 0 0 0 0 0 0 0 1 0 0 0 0 0 0 0 0 0 0 0 0 0 0 0 0 0 1 1 0 1 0 0 0 
0.54 0.08 0.29 1.41 10.64 10.62 1.4 0.21 10.57 10.55 0.21 0.09 0.08 0.45 0.19 f 0 0 0 0 0 0 0 0 0 1 0 0 0 0 0 0 0 0 0 1 0 0 0 0 0 0 0 0 0 0 0 0 0 0 0 0 0 1 1 0 1 0 0 0 
0.33 0.24 0.28 0.77 2.98 3.05 0.75 0.21 2.84 2.88 0.21 0.4 0.2 3.44 0.81 f 0 0 0 0 0 0 0 0 0 1 0 0 0 0 0 0 0 0 0 1 0 0 0 0 0 0 0 0 0 0 0 0 0 0 0 0 0 1 1 0 0 0 0 0 
1.58 0.29 2.03 3.54 53.87 56.32 3.49 0.71 55.3 56.21 0.71 0.25 0.23 1.32 0.53 f 0 0 0 0 0 0 0 0 0 1 0 0 0 0 0 0 0 0 0 1 0 0 1 0 0 0 0 0 0 0 0 0 0 0 0 0 0 1 0 0 1 0 0 0 
1217.33 3600.0 2677.62 1948.37 1237.17 2346.48 1938.61 2655.72 3600.0 595.94 2652.7 1705.86 323.41 3600.0 3600.0 f 1 0 0 0 0 0 0 0 0 1 0 0 0 0 0 0 0 0 0 1 0 0 1 0 0 0 0 0 0 0 0 0 0 0 0 0 0 1 0 0 1 0 0 0 
2.4 0.08 0.08 0.17 0.56 0.57 0.16 0.34 0.33 0.33 0.15 0.19 0.14 2.07 0.57 f 0 0 0 0 0 1 0 0 0 0 0 0 0 0 0 0 0 0 0 0 0 0 0 0 0 0 0 0 0 0 0 0 0 0 0 0 1 1 0 0 0 0 0 0 
0.01 0.02 0.01 0.3 3.32 3.32 0.3 0.01 3.39 3.4 0.01 0.01 0.08 0.15 0.12 f 0 0 0 0 0 1 0 0 0 0 0 0 0 0 0 0 0 0 0 0 0 0 0 0 0 0 0 0 0 0 0 0 0 0 0 1 0 0 1 0 0 0 0 0 
0.26 0.5 0.72 1.77 0.28 0.83 1.73 0.74 0.08 0.72 0.73 0.52 0.82 42.51 206.54 f 0 0 0 0 0 1 0 0 0 0 0 0 0 0 0 0 0 0 0 0 0 0 0 0 0 0 0 0 0 0 0 0 0 0 0 1 0 0 1 0 0 0 0 0 
93.92 51.92 24.48 46.35 64.74 63.64 44.7 128.27 27.79 27.81 144.91 10.61 8.58 548.55 138.04 f 0 0 0 0 0 1 0 0 0 0 0 0 0 0 0 0 0 0 0 0 0 0 0 0 0 0 0 0 0 0 0 0 0 0 0 0 1 1 0 0 0 0 0 0 
0.02 0.01 0.02 0.09 0.01 0.01 0.09 0.01 0.01 0.02 0.02 0.01 0.02 0.02 0.01 f 0 0 0 0 0 1 0 0 0 0 0 0 0 0 0 0 0 0 0 0 0 0 0 0 0 0 0 0 0 0 0 0 0 0 0 0 0 1 0 0 0 0 0 0 
0.02 0.01 0.01 0.1 0.01 0.01 0.1 0.01 0.01 0.01 0.01 0.02 0.01 0.01 0.01 f 0 0 0 0 0 1 0 0 0 0 0 0 0 0 0 0 0 0 0 0 0 0 0 0 0 0 0 0 0 0 0 0 0 0 0 1 0 0 0 0 0 0 0 0 
0.03 0.01 0.01 0.1 0.01 0.01 0.09 0.02 0.01 0.02 0.01 0.01 0.02 0.01 0.02 f 0 0 0 0 0 1 0 0 0 0 0 0 0 0 0 0 0 0 0 0 0 0 0 0 0 0 0 0 0 0 0 0 0 0 0 1 1 0 0 0 0 0 0 0 
102.06 4.45 0.48 1.62 17.37 107.97 1.61 0.66 17.27 64.78 77.24 0.64 0.86 2465.38 3443.81 f 0 0 1 1 1 0 0 0 0 0 1 0 0 0 0 0 0 0 0 0 1 0 0 0 0 0 0 0 0 0 0 0 0 1 0 0 1 0 0 0 0 0 0 0 
2.74 0.01 2.72 7.88 1932.19 0.09 17.4 3600.0 991.73 0.07 3600.0 3600.0 3600.0 3600.0 3600.0 f 0 0 0 0 0 0 0 0 0 0 0 0 1 0 0 0 0 0 0 0 0 0 0 0 0 0 0 0 0 0 0 0 0 0 0 0 1 0 0 0 0 0 0 0 
158.17 78.6 138.15 99.22 601.37 254.99 126.11 901.28 356.03 102.22 3600.0 1125.3 517.83 3600.0 3600.0 f 0 0 0 0 0 0 0 0 0 0 0 0 1 0 0 0 0 0 0 0 0 0 0 0 0 0 0 0 0 0 0 0 0 0 0 0 1 0 0 0 0 0 0 0 
0.03 0.02 0.04 0.19 15.81 0.18 0.2 1418.48 5.19 0.14 1211.19 3600.0 3600.0 3600.0 3600.0 f 0 0 0 0 0 0 0 0 0 0 0 0 1 0 0 0 0 0 0 0 0 0 0 0 0 0 0 0 0 0 0 0 0 0 0 0 1 0 0 0 0 0 0 0 
117.65 22.68 12.93 11.53 391.87 388.24 12.04 923.28 591.93 589.01 1639.0 372.69 973.07 3600.0 3600.0 f 0 0 0 0 0 0 0 0 0 0 0 0 1 0 0 0 0 0 0 0 0 0 0 0 0 0 0 0 0 0 0 0 0 0 0 0 1 0 0 0 0 0 0 0 
1.42 0.42 0.29 1.65 10.84 20.24 1.66 0.22 11.14 15.94 2.01 0.27 1.31 3.63 23.39 f 0 0 1 0 0 0 0 0 0 0 1 0 0 0 0 0 0 0 0 0 0 0 0 0 0 0 0 0 0 0 0 0 0 1 0 0 1 0 0 0 0 0 0 0 
0.23 0.12 9.1 5.21 409.05 0.99 4.12 3600.0 120.86 0.68 3600.0 3600.0 3600.0 3600.0 3600.0 f 0 0 0 0 0 0 0 0 0 0 0 0 1 0 0 0 0 0 0 0 0 0 0 0 0 0 0 0 0 0 0 0 0 0 0 0 1 0 0 0 0 0 0 0 
7.98 0.06 0.04 0.31 0.35 0.74 0.31 0.03 0.36 0.58 0.17 0.04 0.07 0.2 0.54 f 0 0 0 0 0 0 0 0 0 0 0 0 0 0 0 0 0 0 0 0 0 0 0 0 0 0 0 0 0 0 0 0 0 0 0 0 1 0 0 0 0 0 0 0 
2.56 0.79 3.1 6.29 7.1 7.06 6.08 1.87 7.0 7.0 1.87 3600.0 3600.0 2.16 2.03 f 0 0 0 0 0 0 0 0 1 0 0 1 1 1 0 0 1 1 1 0 0 1 0 0 0 0 0 1 0 0 1 1 0 0 1 0 0 0 0 0 0 0 0 0 
11.14 74.29 3600.0 3600.0 3600.0 3600.0 3600.0 3600.0 3600.0 3600.0 3600.0 3600.0 3600.0 197.03 1527.78 f 0 0 0 0 0 1 1 0 0 0 0 0 1 0 0 0 0 1 0 0 0 0 0 0 0 0 0 0 0 0 0 0 0 0 0 1 0 0 0 0 0 0 0 0 
121.24 11.33 27.0 11.68 3600.0 3600.0 5.99 2.47 136.17 133.32 4.11 3600.0 3600.0 57.13 68.49 f 0 0 0 0 0 0 0 0 0 0 0 1 1 0 0 0 0 1 0 0 0 0 0 0 0 0 0 0 0 0 0 0 0 0 0 0 0 1 0 0 0 0 0 0 
208.31 711.49 3600.0 3600.0 3600.0 3600.0 3600.0 2058.92 3600.0 3600.0 3600.0 3600.0 3600.0 76.78 3600.0 f 0 0 0 0 0 0 0 0 0 0 0 0 1 0 0 0 0 1 0 0 0 0 0 0 0 0 0 0 0 0 0 0 0 0 0 0 0 0 0 0 0 0 0 0 
71.68 3600.0 3600.0 3600.0 3600.0 3600.0 3600.0 3600.0 3600.0 3600.0 3600.0 3600.0 3600.0 3600.0 3600.0 f 0 0 0 0 0 1 0 0 0 0 0 0 1 0 0 0 0 1 0 0 0 0 0 0 0 0 0 0 0 0 0 0 0 0 0 1 0 0 0 0 0 0 0 0 
5.24 3600.0 3600.0 3600.0 3600.0 3600.0 3600.0 3600.0 3600.0 3600.0 3600.0 3600.0 3600.0 3600.0 3600.0 f 0 0 0 0 0 1 1 0 0 0 0 0 0 0 0 0 0 0 0 0 0 0 0 0 0 0 0 0 0 0 0 0 0 0 0 1 0 0 0 0 0 0 0 0 
76.38 3043.42 3600.0 3600.0 3600.0 3600.0 3600.0 3600.0 3600.0 3600.0 3600.0 3600.0 3600.0 3600.0 3600.0 f 0 0 0 0 0 1 0 0 0 0 0 0 1 0 0 0 0 1 0 0 0 0 0 0 0 0 0 0 0 0 0 0 0 0 0 1 0 0 0 0 0 0 0 0 
63.88 27.01 6.95 15.88 62.64 62.03 8.36 4.28 56.85 57.19 10.16 17.65 10.34 291.85 44.93 f 1 0 0 0 0 0 0 0 0 0 0 0 1 0 0 0 0 0 0 0 0 0 0 0 0 0 1 0 0 0 0 0 1 0 0 0 0 0 0 0 0 0 0 0 
11.84 3.61 7.66 208.02 33.35 3600.0 208.31 5.05 18.25 3600.0 5.02 3600.0 3600.0 195.56 57.24 f 0 0 0 0 0 0 0 0 0 0 0 0 0 0 0 0 0 0 0 0 0 0 0 0 0 0 0 0 0 0 0 0 0 0 0 0 0 1 1 0 0 0 0 0 
5.77 10.51 9.51 314.3 45.36 3600.0 313.35 9.46 37.76 3600.0 9.45 3600.0 3600.0 163.45 76.51 f 0 0 0 0 0 0 0 0 0 0 0 0 0 0 0 0 0 0 0 0 0 0 0 0 0 0 0 0 0 0 0 0 0 0 0 0 0 1 1 0 0 0 0 0 
4.21 20.97 23.73 79.37 163.77 3600.0 78.72 142.71 32.7 3600.0 146.71 3600.0 3600.0 194.44 137.32 f 0 0 0 0 0 0 0 0 0 0 0 0 0 0 0 0 0 0 0 0 0 0 0 0 0 0 1 0 0 0 0 0 0 0 0 0 0 0 1 0 0 0 0 0 
91.56 97.17 47.79 324.15 270.15 3600.0 326.88 56.16 34.62 3600.0 55.94 3600.0 3600.0 1863.36 222.53 f 0 0 0 0 0 0 0 0 0 0 0 0 0 0 0 0 0 0 0 0 0 0 0 0 0 0 0 0 0 0 0 0 0 0 0 0 0 1 1 0 0 0 0 0 
6.93 6.15 5.55 201.9 30.72 3600.0 199.33 1.27 14.97 3600.0 1.26 3600.0 3600.0 123.16 60.97 f 0 0 0 0 0 0 0 0 0 0 0 0 0 0 0 0 0 0 0 0 0 0 0 0 0 0 0 0 0 0 0 0 0 0 0 0 0 1 1 0 0 0 0 0 
26.61 6.12 5.66 218.46 43.68 3600.0 215.4 13.94 36.25 3600.0 13.85 3600.0 3600.0 394.16 80.09 f 0 0 0 0 0 0 0 0 0 0 0 0 0 0 0 0 0 0 0 0 0 0 0 0 0 0 0 0 0 0 0 0 0 0 0 0 0 1 1 0 0 0 0 0 
44.18 14.58 23.2 30.23 80.81 3600.0 30.36 24.29 34.82 3600.0 23.95 3600.0 3600.0 171.28 73.82 f 0 0 0 0 0 0 0 0 0 0 0 0 1 0 0 0 0 0 0 0 0 0 0 0 0 0 1 0 0 0 0 0 0 0 0 0 0 0 1 0 0 0 0 0 
6.05 32.4 6.73 321.98 49.06 3600.0 310.55 20.74 34.47 3600.0 21.4 3600.0 3600.0 1547.65 253.43 f 0 0 0 0 0 0 0 0 0 0 0 0 0 0 0 0 0 0 0 0 0 0 0 0 0 0 0 0 0 0 0 0 0 0 0 0 0 1 1 0 0 0 0 0 
5.35 144.28 206.44 396.69 225.02 123.65 406.48 3600.0 206.71 370.31 3600.0 568.34 629.16 409.58 3600.0 f 0 0 0 0 0 0 0 0 0 0 0 0 0 0 0 0 0 0 0 0 0 0 0 0 0 0 0 0 0 0 0 0 0 0 0 0 1 0 1 0 0 0 0 0 
26.82 9.79 9.03 6.61 37.31 92.27 44.06 15.95 98.37 77.02 746.55 91.68 213.67 3600.0 3600.0 f 0 0 0 0 0 0 0 0 0 0 0 0 1 0 0 0 0 0 0 0 0 0 1 0 0 0 1 0 1 0 0 0 1 0 0 0 1 1 1 1 0 0 1 1 
192.94 26.29 42.62 29.82 42.82 33.63 137.95 30.03 344.45 225.07 328.44 163.82 160.89 3600.0 3600.0 f 0 0 0 0 0 0 0 0 0 0 0 0 1 0 0 0 0 0 0 0 0 0 1 0 0 0 1 0 1 0 0 0 1 0 0 0 1 1 1 1 0 0 1 1 
75.61 28.59 22.77 25.09 45.07 34.9 25.63 53.45 110.72 41.43 138.16 95.25 141.11 3600.0 3600.0 f 0 0 0 0 0 0 0 0 0 0 0 0 1 0 0 0 0 0 0 0 0 0 0 0 0 0 1 0 1 0 0 0 0 0 0 0 1 0 1 1 0 0 0 1 
129.35 217.19 58.45 259.55 119.67 99.29 273.27 221.51 341.47 198.03 781.33 423.32 290.68 3600.0 3600.0 f 0 0 0 0 0 0 0 0 0 0 0 0 1 0 0 0 0 0 0 0 0 0 1 0 0 0 1 0 1 0 0 0 0 0 0 0 1 0 1 1 0 0 0 1 
0.01 0.02 0.01 0.15 0.02 0.01 0.15 0.01 0.01 0.01 0.01 0.02 0.02 0.5 0.25 f 0 0 0 0 0 1 0 0 0 0 0 0 0 0 0 0 0 0 0 0 0 0 0 0 0 0 0 0 0 0 0 0 0 0 0 1 0 0 0 0 0 0 0 0 
0.2 0.43 0.54 1.85 0.84 0.62 1.77 0.66 0.19 0.87 0.73 0.28 0.64 25.34 653.0 f 0 0 0 0 0 1 0 0 0 0 0 0 0 0 0 0 0 0 0 0 0 0 0 0 0 0 0 0 0 0 0 0 0 0 0 1 0 0 0 0 0 0 0 0 
0.02 0.01 0.01 0.12 0.02 0.02 0.12 0.01 0.01 0.02 0.02 0.01 0.02 0.03 0.01 f 0 0 0 0 0 0 0 0 0 0 0 0 1 0 0 0 0 0 0 0 0 0 0 0 0 0 1 0 0 0 0 0 0 0 0 0 1 0 1 0 0 0 0 0 
0.37 0.16 0.1 0.42 0.22 0.22 0.33 0.09 0.19 0.2 0.07 0.08 0.08 0.49 0.27 f 0 0 0 0 0 0 0 0 0 0 0 0 1 0 0 0 0 0 0 0 0 0 0 0 0 0 1 0 0 0 0 0 0 0 0 0 0 1 1 0 0 0 0 0 
0.06 0.01 0.03 0.23 0.04 0.04 0.23 0.02 0.04 0.04 0.02 0.01 0.01 0.11 0.05 f 0 0 0 0 0 1 0 0 0 1 0 0 1 0 0 0 0 0 0 1 0 0 0 0 0 0 0 0 0 0 0 0 1 0 0 0 1 1 0 0 1 0 0 0 
0.02 0.01 0.01 0.1 0.01 0.01 0.1 0.01 0.01 0.01 0.02 0.01 0.01 0.01 0.01 f 0 0 0 0 0 1 0 0 0 0 0 0 1 0 0 0 0 0 0 0 0 0 0 1 0 0 0 0 0 0 0 0 0 0 0 0 1 0 1 0 0 0 0 0 
0.46 0.11 0.19 0.83 0.77 0.84 0.83 0.18 0.77 0.8 0.14 0.17 0.11 1.21 0.5 f 0 0 0 0 0 0 0 0 0 0 0 0 1 0 0 0 0 0 0 0 0 0 0 0 0 0 1 0 0 0 0 0 0 0 0 0 1 1 0 0 0 0 0 0 
3600.0 1032.65 1090.04 183.56 3600.0 3600.0 691.41 3600.0 3600.0 3600.0 3600.0 3600.0 3600.0 3600.0 3600.0 f 0 0 0 0 0 0 0 0 0 0 0 0 0 0 0 0 0 0 0 1 0 0 0 0 0 0 1 0 0 0 0 0 0 0 0 0 0 1 1 0 0 0 0 0 
11.71 7.73 2.63 5.6 0.86 2.55 2.95 2.08 0.6 1.92 1.91 53.91 10.08 1.64 0.63 f 0 0 0 0 0 1 0 0 0 0 0 0 0 0 0 0 0 0 0 0 0 0 0 0 0 0 1 0 0 0 0 0 0 0 0 0 0 1 1 0 0 0 0 0 
7.85 3.95 1.55 2.93 1.14 1.2 1.72 1.05 1.01 0.99 1.15 47.66 8.75 0.81 0.32 f 0 0 0 0 0 1 0 0 0 0 0 0 0 0 0 0 0 0 0 0 0 0 0 0 0 0 1 0 0 0 0 0 0 0 0 0 0 1 1 0 0 0 0 0 
11.89 5.46 1.91 3.85 1.61 1.62 2.1 1.64 1.5 1.49 1.47 43.59 10.12 1.05 0.39 f 0 0 0 0 0 1 0 0 0 0 0 0 0 0 0 0 0 0 0 0 0 0 0 0 0 0 1 0 0 0 0 0 0 0 0 0 0 1 1 0 0 0 0 0 
2.02 2.6 0.93 1.99 0.79 0.82 1.23 0.66 0.66 0.66 0.63 23.2 5.76 0.44 0.19 f 0 0 0 0 0 1 0 0 0 0 0 0 0 0 0 0 0 0 0 0 0 0 0 0 0 0 1 0 0 0 0 0 0 0 0 0 0 1 1 0 0 0 0 0 
10.8 6.69 2.19 4.69 0.73 4.65 2.41 1.65 0.52 2.08 1.69 46.77 12.38 1.31 0.52 f 0 0 0 0 0 1 0 0 0 0 0 0 0 0 0 0 0 0 0 0 0 0 0 0 0 0 1 0 0 0 0 0 0 0 0 0 0 1 1 0 0 0 0 0 
