0 1 31 0 f 500 103032 0 206.06 0.83 254 494 412 412 371 470 0.15 0.91 0.05 0.05 0.05 0.05 0.05 0 0 0 25 0 0 0.85 0.82 0.89 0.04 0 240 406 359.86 327.42 389.16 0.11 0.92 4 48 6 1 7 3 3 2 4 0.5 0.88 11
255 1786 1532 516 f 1000 430748 0 430.75 0.86 750 918 861 877 853 890 0.05 0.93 0.03 0.04 0.03 0.03 0.04 0 0 6 38 0 0 0.86 0.86 0.86 0.01 0 656 791 755.17 734.75 766.25 0.05 0.93 44 181 60 2 5 2 2 2 2 0.29 0.46 112
94 314 231 54 f 500 11170 0.04 22.34 0.09 19 68 44 46 39 51 0.21 0.92 0.02 0.04 0.03 0.03 0.03 0 0 0 18 0 0 0.69 0.66 0.72 0.09 0 17 44 31.31 26.26 35.38 0.2 0.95 0 25 0 1 7 4 5 2 6 0.57 0.97 1
32 50 59 15 f 1000 445724 0 445.72 0.89 636 998 891 914 813 987 0.11 0.89 0.1 0.1 0.1 0.1 0.1 0 0 31 100 0 0 0.91 0.89 0.95 0.03 0 626 890 841.6 774 880.37 0.08 0.89 47 193 58 1 7 2 2 1 3 0.64 0.79 138
255 3600 490 340 f 1000 430585 0 430.58 0.86 733 914 861 878 853 889 0.05 0.93 0.03 0.04 0.03 0.03 0.03 0 0 6 39 0 0 0.86 0.86 0.86 0.01 0 641 787 756.14 733.98 765.75 0.05 0.92 47 142 62 2 4 2 2 2 2 0.19 0.41 117
3 1 14 1 f 100 4141 0.02 41.41 0.84 66 95 82 84 79 88 0.08 0.92 0.13 0.17 0.15 0.14 0.15 0 0.01 0 17 0 0 0.83 0.83 0.84 0.01 0 56 78 70.17 66.1 72.72 0.07 0.92 0 31 0 1 2 1 2 2 2 0.4 0.71 0
15 106 172 22 f 500 74025 0.01 148.05 0.59 159 368 296 302 246 357 0.2 0.92 0.32 0.39 0.36 0.36 0.38 0 0 54 196 0 1 0.83 0.75 0.94 0.11 0.07 159 277 250.89 228.18 267.37 0.11 0.9 2 205 4 1 3 2 2 2 3 0.23 0.57 62
0 1 30 0 f 250 26310 0.01 105.24 0.85 137 247 210 210 191 237 0.13 0.88 0.1 0.1 0.1 0.1 0.1 0 0 0 25 0 0 0.87 0.84 0.89 0.03 0 129 207 185.28 168.37 201.22 0.1 0.89 0 48 0 1 4 2 2 1 3 0.43 0.88 1
0 1 1 0 f 100 3841 0.03 38.41 0.78 51 96 76 77 69 89 0.16 0.88 0.09 0.1 0.1 0.1 0.1 0 0 0 10 0 0 0.8 0.76 0.82 0.04 0 43 73 61.8 55.91 67.03 0.13 0.86 0 18 0 1 4 2 2 1 2 0.49 0.92 0
0 1 33 0 f 100 2936 0.03 29.36 0.59 33 75 58 61 48 71 0.22 0.93 0.34 0.4 0.35 0.35 0.38 0 0.01 0 40 0 1 0.81 0.76 0.93 0.11 0.14 33 55 49.55 44.53 53.16 0.12 0.91 0 42 0 1 3 2 2 2 3 0.26 0.67 0
11 30 64 4 f 100 4113 0.02 41.13 0.83 65 92 82 84 79 87 0.07 0.92 0.11 0.17 0.15 0.14 0.15 0 0.01 0 17 0 0 0.83 0.82 0.83 0.01 0 54 76 69.04 64.99 71.56 0.07 0.91 0 29 0 1 3 2 2 2 2 0.25 0.68 0
0 1 33 0 f 250 2982 0.08 11.93 0.1 6 35 23 25 20 28 0.24 0.92 0.02 0.06 0.05 0.04 0.06 0 0 0 15 0 0 0.73 0.68 0.77 0.1 0 5 23 18 14.8 20.21 0.21 0.94 0 19 0 1 5 3 4 3 4 0.36 0.65 0
7 8 63 3 f 250 18227 0.01 72.91 0.59 80 186 145 149 121 172 0.21 0.93 0.32 0.39 0.35 0.35 0.38 0 0 2 98 0 1 0.82 0.76 0.93 0.11 0.18 80 136 124.03 110.67 131.2 0.12 0.89 0 98 0 1 3 2 3 2 3 0.27 0.71 3
15 50 14 11 f 100 4455 0.02 44.55 0.9 81 95 89 89 87 91 0.03 0.9 0.2 0.28 0.24 0.23 0.25 0 0.01 0 28 0 0 0.9 0.9 0.9 0 0 72 85 80.01 78.48 82.02 0.03 0.85 0 45 0 1 2 1 2 2 2 0.25 0.35 0
0 1 30 0 f 250 2998 0.08 11.99 0.1 11 32 23 24 21 27 0.18 0.92 0.04 0.08 0.06 0.05 0.06 0 0 0 20 0 1 0.74 0.71 0.78 0.09 0.16 11 23 17.96 15.9 20.24 0.17 0.95 0 20 0 2 4 3 3 3 4 0.24 0.92 0
95 138 166 32 f 250 16798 0.01 67.19 0.54 70 181 134 133 112 164 0.22 0.96 0.08 0.1 0.1 0.09 0.1 0 0 0 24 0 0 0.77 0.7 0.86 0.11 0 65 122 102.39 94.61 113.81 0.13 0.94 0 40 0 1 6 2 3 2 4 0.6 0.87 1
511 3600 1157 1007 f 250 26793 0.01 107.17 0.86 180 231 214 218 211 222 0.06 0.91 0.09 0.12 0.1 0.1 0.1 0 0 0 29 0 0 0.86 0.86 0.86 0.01 0 157 198 187.35 181.39 191.24 0.05 0.91 0 69 0 1 5 2 3 2 3 0.39 0.72 1
15 22 45 5 f 1000 437080 0 437.08 0.88 601 994 874 891 794 976 0.12 0.89 0.05 0.05 0.05 0.05 0.05 0 0 4 50 0 0 0.9 0.87 0.93 0.04 0 584 869 809.51 737.76 851.19 0.09 0.9 45 99 57 1 5 2 3 2 4 0.63 0.95 108
0 1 30 0 f 100 477 0.21 4.77 0.1 3 15 9 9 7 12 0.32 0.91 0.03 0.12 0.07 0.06 0.09 0 0.01 0 12 0 1 0.76 0.67 0.84 0.16 0.37 2 11 6.93 5.4 8.62 0.33 0.93 0 12 0 1 6 3 4 2 5 0.52 0.91 0
0 1 9 0 f 100 4563 0.02 45.63 0.92 72 99 91 97 83 99 0.1 0.7 0.72 0.76 0.73 0.73 0.73 0 0 0 76 0 1 0.93 0.92 0.98 0.03 0.37 72 91 90.3 81.77 91.1 0.07 0.71 0 76 0 1 3 1 1 1 2 0.49 0.61 0
3 1 31 1 f 500 12652 0.04 25.3 0.1 16 66 50 52 43 58 0.2 0.91 0.02 0.08 0.06 0.05 0.07 0 0 2 42 0 1 0.76 0.72 0.79 0.08 0.09 16 51 39.58 33.15 44.44 0.2 0.92 0 42 0 2 7 4 5 4 5 0.33 0.89 3
63 442 256 101 f 500 115099 0 230.2 0.92 346 499 460 485 425 499 0.1 0.69 0.69 0.74 0.72 0.72 0.72 0 0 59 369 0 1 0.93 0.92 0.98 0.03 0.09 346 460 452.98 414.05 460.24 0.07 0.7 4 369 6 1 2 1 1 1 2 0.48 0.94 71
3600 442 3600 3600 f 1000 47273 0.02 47.27 0.09 47 121 94 97 89 102 0.13 0.89 0.03 0.04 0.04 0.03 0.04 0 0 16 45 0 0 0.73 0.71 0.76 0.08 0 46 86 70.6 65.58 74.55 0.11 0.91 0 50 6 2 8 5 6 5 7 0.29 0.81 24
511 1786 544 394 f 250 26879 0.01 107.52 0.86 184 232 215 218 212 224 0.06 0.92 0.08 0.12 0.1 0.1 0.1 0 0 0 30 0 0 0.86 0.86 0.86 0.01 0 161 200 188.34 182.69 193.21 0.05 0.91 0 250 2054 0 0 0 0 0 0  0 2054
0 1 60 0 f 100 442 0.23 4.42 0.09 3 16 8 8 7 11 0.34 0.91 0.03 0.1 0.06 0.05 0.07 0 0.01 0 10 0 1 0.72 0.67 0.82 0.17 0.08 2 11 5.67 4.5 7.89 0.37 0.9 0 11 0 1 4 3 4 2 4 0.36 0.81 0
0 1 30 0 f 100 2433 0.04 24.33 0.49 26 68 48 49 38 60 0.25 0.95 0.07 0.1 0.09 0.09 0.1 0 0.01 0 10 0 0 0.7 0.64 0.78 0.12 0 22 44 33.97 29.35 37.96 0.17 0.95 0 17 0 1 3 2 3 2 3 0.39 0.87 0
15 50 22 11 f 100 4496 0.02 44.96 0.91 81 95 89 90 88 92 0.03 0.93 0.22 0.28 0.25 0.24 0.25 0 0.01 0 28 0 0 0.91 0.91 0.91 0 0 73 86 81.83 79.95 83.48 0.03 0.9 0 46 0 1 3 2 2 2 2 0.26 0.71 0
7 34 52 7 f 250 28497 0.01 113.99 0.92 170 249 227 240 210 249 0.11 0.71 0.68 0.75 0.7 0.7 0.7 0 0 4 187 0 1 0.93 0.91 0.98 0.03 0.14 170 227 222.6 205.26 227.81 0.07 0.72 0 187 1 1 2 1 1 1 2 0.47 0.92 6
0 2 30 0 f 250 2851 0.09 11.4 0.09 6 35 22 24 19 27 0.25 0.92 0.02 0.05 0.04 0.04 0.04 0 0 0 12 0 0 0.7 0.65 0.75 0.1 0 5 22 16.36 13.19 18.43 0.21 0.9 0 14 0 2 6 3 4 3 4 0.37 0.89 0
7 8 123 3 f 1000 48587 0.02 48.59 0.1 55 123 97 100 90 107 0.14 0.91 0.04 0.07 0.06 0.05 0.06 0 0 54 67 0 1 0.75 0.73 0.77 0.08 0.06 50 86 75.09 68.68 80.5 0.11 0.92 1 68 11 4 6 5 6 5 6 0.16 0.93 67
7 26 34 4 f 250 27367 0.01 109.47 0.88 150 248 218 223 201 243 0.11 0.89 0.17 0.19 0.18 0.18 0.18 0 0 0 47 0 0 0.89 0.88 0.93 0.03 0 145 217 202.66 186.3 213.72 0.09 0.9 0 81 1 1 4 1 2 1 2 0.68 0.73 2
7 22 43 4 f 1000 278264 0 278.26 0.56 278 712 556 581 453 676 0.22 0.96 0.05 0.05 0.05 0.05 0.05 0 0 17 50 0 0 0.78 0.74 0.88 0.1 0 270 513 453.23 396.82 492.86 0.13 0.95 36 98 61 1 9 3 3 3 4 0.47 0.82 117
0 1 36 0 f 100 2646 0.04 26.46 0.53 29 70 52 56 42 64 0.23 0.96 0.12 0.17 0.17 0.16 0.17 0 0.01 0 17 0 0 0.77 0.71 0.85 0.11 0 27 50 41.78 35.85 46.22 0.16 0.96 0 29 0 1 5 2 2 2 3 0.5 0.83 0
0 1 30 0 f 100 399 0.25 3.99 0.08 3 15 7 8 6 10 0.37 0.92 0.02 0.07 0.05 0.04 0.05 0 0.01 0 7 0 0 0.65 0.53 0.73 0.21 0 1 9 4.71 3.6 6.64 0.42 0.92 0 9 0 1 5 3 4 1 4 0.5 0.88 0
0 3 150 0 f 500 64875 0.01 129.75 0.52 134 347 259 263 214 314 0.22 0.96 0.05 0.05 0.05 0.05 0.05 0 0 1 25 0 0 0.77 0.69 0.86 0.11 0 127 240 199.87 179.54 219.1 0.13 0.95 3 48 7 1 4 2 3 2 4 0.51 0.95 12
255 3600 408 258 f 500 109976 0 219.95 0.88 309 499 439 450 401 489 0.12 0.91 0.17 0.18 0.18 0.18 0.18 0 0 10 91 0 0 0.91 0.88 0.95 0.04 0 301 439 410.83 380.12 432.6 0.09 0.91 7 159 11 1 6 2 2 1 3 0.52 0.73 30
5 3 69 1 f 500 11939 0.04 23.88 0.1 22 69 47 49 42 54 0.19 0.91 0.03 0.06 0.04 0.04 0.05 0 0 1 28 0 0 0.73 0.71 0.76 0.08 0 21 48 35.53 30.1 40.24 0.18 0.95 0 37 0 1 8 4 5 2 6 0.54 0.82 2
0 3 60 0 f 500 102759 0 205.52 0.82 331 455 411 427 407 437 0.09 0.94 0.04 0.05 0.04 0.04 0.05 0 0 1 25 0 0 0.82 0.82 0.82 0.02 0 281 374 349.43 332.4 358.37 0.08 0.94 7 56 11 1 6 3 3 2 4 0.38 0.79 20
4 2 40 3 f 250 25852 0.01 103.41 0.83 167 230 206 214 202 220 0.09 0.94 0.07 0.1 0.08 0.08 0.08 0 0 0 24 0 0 0.83 0.82 0.83 0.02 0 143 190 176.14 166.32 182.15 0.08 0.95 0 52 1 1 4 2 2 2 2 0.27 0.56 2
0 1 1 0 f 100 3811 0.03 38.11 0.77 59 94 76 79 66 84 0.13 0.95 0.09 0.1 0.1 0.1 0.1 0 0 0 10 0 0 0.76 0.75 0.79 0.03 0 45 71 58.27 52.04 63.71 0.11 0.95 0 19 0 1 5 2 3 2 3 0.59 0.94 0
0 1 15 0 f 100 4182 0.02 41.82 0.84 59 98 83 86 75 93 0.13 0.89 0.17 0.2 0.19 0.19 0.19 0 0.01 0 20 0 0 0.87 0.84 0.91 0.04 0 55 82 74.77 68.11 78.43 0.1 0.92 0 36 0 1 5 1 2 1 2 0.86 0.63 0
255 1786 3600 3600 f 500 69265 0.01 138.53 0.56 156 350 277 285 228 328 0.2 0.96 0.13 0.15 0.15 0.14 0.15 0 0 11 75 0 0 0.81 0.74 0.91 0.11 0 153 260 230.42 206.29 245.54 0.11 0.96 3 119 7 1 5 2 2 2 3 0.47 0.82 23
1023 1786 1286 373 f 1000 282676 0 282.68 0.57 334 701 565 585 465 677 0.2 0.93 0 0 0 0 0  0 600 0 0 1 0.83 0.76 0.93 0.11 0.04 334 533 484.11 432.46 509.75 0.11 0.95 38 382 65 1 3 2 3 2 3 0.31 0.72 707
3 1 61 1 f 500 102955 0 205.91 0.83 336 458 411 428 406 439 0.09 0.95 0.04 0.05 0.04 0.04 0.05 0 0 1 25 0 0 0.82 0.82 0.83 0.02 0 286 378 350.39 332.79 360.32 0.08 0.95 7 64 11 1 6 2 2 2 3 0.4 0.66 19
15 22 53 7 f 250 25770 0.01 103.08 0.83 166 230 206 213 202 219 0.09 0.95 0.07 0.09 0.08 0.08 0.08 0 0 0 23 0 0 0.82 0.82 0.83 0.02 0 141 190 175.45 165.78 180.56 0.08 0.93 0 47 1 1 3 2 2 2 2 0.19 0.44 2
3600 3600 3600 1185 f 1000 449309 0 449.31 0.9 666 999 898 929 807 999 0.12 0.72 0 0 0 0 0  0 601 0 0 1 0.93 0.9 0.98 0.04 0.05 666 898 863.91 786.71 898.42 0.08 0.73 73 702 94 1 2 1 1 1 2 0.49 0.98 771
127 138 175 25 f 250 17508 0.01 70.03 0.56 78 182 140 141 116 169 0.21 0.96 0.14 0.17 0.15 0.15 0.17 0 0 1 43 0 0 0.8 0.72 0.9 0.11 0 75 129 111.5 104.27 122.07 0.11 0.94 0 61 0 1 5 2 3 2 3 0.5 0.85 2
0 1 2 0 f 100 3781 0.03 37.81 0.76 59 90 75 78 64 85 0.13 0.94 0.09 0.1 0.1 0.1 0.1 0 0 0 10 0 0 0.75 0.74 0.78 0.03 0 46 67 57.74 51.01 63.44 0.11 0.96 0 21 0 1 3 2 2 2 3 0.35 0.94 0
0 3 60 0 f 450 8260 0.05 18.36 0.08 2 128 36 33 20 50 0.64 0.94 0 0.06 0.04 0.01 0.04 0 0 1 25 0 1 0.42 0.33 0.51 0.46 0.02 0 33 16.27 11.06 21.27 0.53 0.9 0 25 0 2 5 2 3 2 3 0.43 0.81 2
0 1 31 0 f 128 1170 0.11 9.14 0.14 3 38 18 17 10 27 0.54 0.96 0.02 0.16 0.07 0.06 0.12 0 0.01 0 20 0 1 0.7 0.62 0.83 0.23 0.47 1 25 10.51 7.86 18.25 0.54 0.92 0 20 0 1 6 3 3 1 5 0.64 0.95 0
0 1 60 0 f 206 3540 0.06 17.18 0.17 0 140 34 28 17 34 1.07 0.8 0 0.15 0.11 0.05 0.14 0 0 0 30 0 0 0.68 0.28 0.91 0.66 0 0 45 24.18 12.9 26.71 0.66 0.82 0 30 0 2 3 2 2 2 2 0.17 0.57 0
8 8 2 6 f 36 290 0.12 8.06 0.46 15 19 16 15 15 17 0.09 0.85 0.11 0.17 0.14 0.11 0.17 0 0.03 0 6 0 0 0.46 0.45 0.46 0.02 0 6 8 7 6.71 7.88 0.1 0.88 0 10 0 1 4 2 3 2 3 0.47 0.92 0
1023 2554 1193 1043 f 64 728 0.09 11.38 0.36 21 27 22 23 21 23 0.08 0.87 0.06 0.13 0.08 0.06 0.13 0 0.02 0 8 0 0 0.4 0.4 0.41 0.02 0 8 10 9.27 8.55 9.54 0.08 0.99 0 12 0 2 4 3 3 3 4 0.2 0.81 0
15 8 153 3 f 100 166 0.6 1.66 0.03 3 4 3 3 3 4 0.16 0.9 0.02 0.03 0.03 0.02 0.03 0 0.01 0 3 0 0 0.33 0.17 0.67 0.61 0 0 2 1 0.67 2 0.56 1 0 4 0 2 2 2 2 2 2 0 0 0
0 1 60 0 f 1000 14378 0.07 14.38 0.03 10 49 28 29 24 33 0.24 0.9 0.01 0.02 0.01 0.01 0.01 0 0 5 20 0 1 0.6 0.56 0.66 0.14 0.01 7 27 17.35 14.69 20 0.21 0.89 0 20 4 2 6 4 5 3 5 0.31 0.83 10
0 1 30 0 f 197 3925 0.05 19.92 0.2 0 121 39 35 0 68 0.79 0.79 0.01 0.25 0.16 0.01 0.17 0 0 0 49 0 0 0.74 0 0.96 0.69 0 0 58 33.03 0 48.69 0.71 0.81 0 49 0 1 3 1 2 2 2 0.4 0.49 0
0 1 60 0 f 87 406 0.21 4.67 0.11 1 82 9 7 3 11 1.17 0.9 0.02 0.13 0.07 0.05 0.08 0.01 0.01 0 11 0 1 0.76 0.51 1 0.48 0.93 0 11 5.14 3 8.17 0.58 0.96 0 11 0 1 5 2 2 2 3 0.61 0.89 0
0 1 60 0 f 211 4100 0.05 19.43 0.19 0 111 38 40 0 53 1.02 0.7 0 0.23 0.14 0 0.21 0 0 0 49 0 1 0.62 0 0.93 0.86 0.04 0 67 29 0 50.6 0.9 0.73 0 49 0 1 3 1 2 1 2 0.67 0.9 0
63 282 215 65 f 125 3838 0.03 30.7 0.5 23 99 61 59 49 73 0.29 0.96 0.17 0.28 0.23 0.22 0.25 0 0.01 0 35 0 0 0.76 0.69 0.84 0.13 0 22 58 46.34 40.98 51.68 0.18 0.94 0 39 0 1 4 2 3 2 3 0.36 0.78 0
0 1 30 0 f 128 387 0.33 3.02 0.05 0 16 6 5 3 8 0.61 0.91 0.01 0.06 0.03 0.02 0.04 0 0.01 0 8 0 1 0.62 0.47 0.73 0.46 0.63 0 8 3.33 2 5.26 0.61 0.93 0 8 0 1 6 4 5 2 5 0.41 0.86 0
0 1 30 0 f 250 867 0.29 3.47 0.03 1 13 6 7 5 9 0.45 0.92 0.01 0.03 0.02 0.02 0.02 0 0 0 8 0 1 0.6 0.48 0.69 0.36 0.29 0 8 4 3 5.71 0.46 0.9 0 8 0 2 6 4 4 4 5 0.28 0.91 0
3 1 36 1 f 128 5198 0.02 40.61 0.64 28 106 81 88 75 98 0.29 0.94 0.17 0.57 0.55 0.21 0.55 0 0 0 73 0 0 0.87 0.82 0.95 0.1 0 26 87 82.13 58.14 85.68 0.3 0.84 0 73 0 1 3 1 2 1 2 0.57 0.76 0
0 1 60 0 f 450 9757 0.05 21.68 0.1 29 68 43 43 39 48 0.15 0.92 0.01 0.01 0.01 0.01 0.01 0 0 0 5 0 0 0.13 0.12 0.14 0.11 0 3 7 5.51 5.11 5.92 0.11 0.64 0 12 1 2 4 2 2 2 3 0.37 0.92 1
3 1 72 1 f 496 11654 0.04 23.5 0.09 0 252 46 28 0 61 1.37 0.65 0 0.12 0.05 0 0.08 0 0 1 59 0 0 0.41 0 0.96 0.99 0 0 93 26.81 0 58.92 1.02 0.67 0 65 0 1 3 2 2 1 3 0.39 0.99 3
31 154 182 32 f 125 6961 0.02 55.69 0.9 103 120 111 111 109 114 0.03 0.9 0.18 0.24 0.22 0.22 0.22 0 0.01 0 30 0 0 0.9 0.9 0.9 0 0 92 107 99.96 97.98 102.16 0.03 0.89 0 56 0 1 3 2 2 2 2 0.2 0.5 0
3600 3600 3600 1551 f 81 1056 0.08 13.04 0.33 24 32 26 26 24 28 0.08 0.83 0.05 0.11 0.06 0.05 0.11 0 0.01 0 9 0 0 0.39 0.38 0.39 0.02 0 9 12 10.08 9.57 10.81 0.07 0.72 0 13 0 2 4 2 3 3 3 0.27 0.72 0
0 1 0 0 f 11 20 0.55 1.82 0.36 3 5 3 4 3 4 0.21 0.85 0.18 0.18 0.18 0.18 0.18 0 0 0 2 0 0 0 0 0 0 0 0 0 0 0 0 0 0 0 4 0 1 3 2 3 2 3 0.43 0.81 0
0 2 30 0 f 385 19095 0.02 49.6 0.26 1 282 99 102 83 119 0.5 0.94 0.01 0.04 0.03 0.02 0.03 0 0 0 14 0 1 0.54 0.49 0.62 0.28 0.1 0 91 58.84 44.78 65.84 0.39 0.92 0 33 2 3 5 3 3 3 3 0.14 0.33 3
0 1 0 0 f 96 1368 0.07 14.25 0.3 25 32 28 29 27 30 0.08 0.96 0.04 0.13 0.04 0.04 0.05 0.01 0.01 0 12 0 0 0.39 0.38 0.39 0.03 0 9 12 10.84 10.54 11.45 0.06 0.8 0 14 0 2 3 2 2 2 3 0.25 0.99 0
0 1 120 0 f 80 346 0.23 4.33 0.11 4 19 8 7 6 12 0.5 0.9 0.03 0.04 0.03 0.03 0.03 0 0 0 3 0 0 0 0 0.1 1.63 0 0 4 0 0 0.5 1.9 0.42 0 6 0 1 7 3 3 2 5 0.71 0.97 0
0 1 31 0 f 451 8691 0.05 19.27 0.09 0 346 38 26 22 31 1.66 0.76 0 0.07 0.02 0.02 0.03 0 0 0 30 0 0 0.87 0.41 0.91 0.57 0 0 46 23.44 17.8 28.65 0.58 0.86 0 30 0 2 3 2 2 2 3 0.25 1 1
0 1 150 0 f 114 541 0.21 4.75 0.08 4 23 9 7 6 15 0.55 0.86 0.02 0.03 0.02 0.02 0.02 0 0 0 3 0 0 0 0 0.05 1.94 0 0 5 0 0 0.5 2.27 0.36 0 7 0 1 5 2 2 2 4 0.73 0.92 0
0 1 60 0 f 184 3916 0.05 21.28 0.23 0 157 42 30 25 61 0.74 0.87 0.01 0.17 0.09 0.05 0.16 0 0 0 31 0 0 0.8 0.54 0.93 0.38 0 0 43 27.86 19.67 36.27 0.41 0.91 0 31 0 2 3 2 2 2 2 0.09 0.21 0
20 26 7 5 f 23 71 0.32 3.09 0.28 4 11 6 6 5 8 0.32 0.9 0.09 0.09 0.09 0.09 0.09 0 0 0 2 0 0 0 0 0 0 0 0 0 0 0 0 0 0 0 5 0 1 3 2 3 2 3 0.4 0.86 0
8 8 2 4 f 49 476 0.1 9.71 0.4 18 24 19 20 18 20 0.09 0.79 0.08 0.14 0.1 0.08 0.14 0.01 0.02 0 7 0 0 0.42 0.42 0.43 0.02 0 7 10 8.42 7.65 8.53 0.08 0.8 0 11 0 2 3 2 2 2 2 0.22 0.85 0
0 1 1 0 f 30 100 0.3 3.33 0.23 4 11 6 6 5 8 0.34 0.97 0.07 0.1 0.07 0.07 0.07 0.01 0.02 0 3 0 0 0.07 0 0.15 0.97 0 0 2 0.45 0.05 0.75 1.12 0.57 0 4 0 2 3 2 2 2 3 0.25 1 0
0 1 31 0 f 425 8688 0.05 20.44 0.1 0 346 40 27 23 31 1.61 0.78 0 0.07 0.03 0.02 0.04 0 0 0 30 0 0 0.88 0.56 0.91 0.5 0 0 46 24.38 18.95 28.87 0.5 0.88 0 30 0 2 3 2 2 2 3 0.25 1 1
3600 74 165 15 f 905 43081 0.02 47.6 0.11 9 228 95 91 54 130 0.5 0.94 0.01 0.04 0.04 0.04 0.04 0 0 37 40 0 1 0.53 0.42 0.74 0.38 0.67 9 64 48.64 39.22 54.86 0.21 0.92 1 52 12 3 15 8 9 7 11 0.37 0.93 51
0 3 74 0 f 352 14612 0.02 41.51 0.24 1 232 83 88 72 102 0.42 0.95 0.01 0.04 0.03 0.02 0.03 0 0 0 14 0 1 0.5 0.44 0.59 0.3 0.12 0 71 46.58 35.48 52.26 0.37 0.93 0 33 1 3 7 4 5 3 5 0.31 0.91 2
0 1 60 0 f 185 3946 0.05 21.33 0.23 0 158 42 30 25 61 0.74 0.87 0.01 0.17 0.09 0.05 0.16 0 0 0 31 0 0 0.81 0.54 0.93 0.38 0 0 43 27.86 19.91 36.33 0.41 0.9 0 31 0 2 3 2 2 2 2 0.09 0.21 0
0 1 30 0 f 125 209 0.6 1.67 0.03 0 8 3 3 2 5 0.58 0.86 0.01 0.04 0.02 0.02 0.03 0 0.01 0 5 0 1 0.54 0.33 1 0.68 0.83 0 4 2 1 3 0.7 0.95 0 5 0 4 6 5 6 4 6 0.2 0.97 0
7 10 9 2 f 125 7501 0.02 60.01 0.97 113 124 120 121 119 122 0.02 0.83 0.31 0.34 0.33 0.33 0.33 0 0 0 43 0 0 0.97 0.97 0.97 0 0 109 119 116.95 115.1 117.95 0.02 0.82 0 69 0 1 3 1 1 1 2 0.65 0.84 0
0 1 47 0 f 80 254 0.31 3.17 0.08 0 36 6 6 1 10 1 0.87 0.01 0.13 0.05 0.03 0.09 0.01 0.01 0 10 0 1 0.65 0 1 0.76 0.91 0 10 3.17 0 7 0.86 0.89 0 10 0 1 3 2 2 2 2 0.22 0.58 0
0 1 120 0 f 52 201 0.26 3.87 0.15 4 15 7 7 5 10 0.43 0.93 0.04 0.06 0.04 0.04 0.04 0 0.01 0 3 0 0 0.04 0 0.1 1.31 0 0 3 0.33 0 0.6 1.51 0.5 0 5 0 1 4 2 3 2 4 0.58 0.96 0
0 1 30 0 f 74 301 0.25 4.07 0.11 1 53 8 8 3 10 0.92 0.88 0.03 0.15 0.09 0.05 0.12 0.01 0.01 0 11 0 1 1 0.67 1 0.42 1 0 10 6.79 2.75 8.25 0.55 0.96 0 11 0 2 5 3 3 3 3 0.32 0.84 0
31 138 89 27 f 250 30227 0.01 120.91 0.97 234 249 241 242 240 243 0.01 0.86 0.21 0.23 0.22 0.22 0.22 0 0 0 57 0 0 0.97 0.97 0.97 0 0 227 241 234.86 232.98 236.57 0.01 0.85 0 93 1 1 4 1 2 1 2 0.75 0.79 3
0 1 60 0 f 500 3555 0.14 7.11 0.03 4 25 14 14 11 17 0.31 0.92 0.01 0.02 0.01 0.01 0.02 0 0 0 12 0 1 0.6 0.54 0.67 0.19 0.11 2 14 8.46 6.46 10.58 0.32 0.93 0 13 0 4 6 4 5 4 5 0.14 0.78 1
0 1 62 0 f 128 3216 0.04 25.13 0.4 13 86 50 53 30 66 0.4 0.96 0.05 0.32 0.2 0.16 0.29 0 0.01 0 41 0 1 0.78 0.69 0.85 0.13 0.07 13 57 42.6 22.34 50.53 0.37 0.95 0 42 0 1 4 2 2 2 3 0.44 0.89 0
0 1 60 0 f 211 3541 0.06 16.78 0.16 0 140 33 28 0 34 1.1 0.79 0 0.14 0.09 0 0.13 0 0 0 30 0 0 0.66 0 0.91 0.68 0 0 45 23.86 0 26.71 0.69 0.81 0 30 0 2 3 2 2 2 2 0.17 0.57 0
0 1 60 0 f 138 493 0.28 3.57 0.05 1 71 7 4 2 7 1.49 0.8 0.01 0.08 0.03 0.02 0.04 0 0.01 0 11 0 1 0.8 0.35 1 0.6 0.99 0 10 3 2 6 0.73 0.9 0 11 0 1 5 2 2 2 3 0.62 0.88 0
3 1 64 1 f 864 18707 0.05 21.65 0.05 0 502 43 31 0 48 1.69 0.65 0 0.05 0.03 0 0.04 0 0 4 43 0 0 0.9 0 0.96 0.89 0 0 81 29.83 0 45.45 0.92 0.72 0 54 2 1 3 2 2 2 3 0.29 0.78 7
15 8 123 3 f 100 166 0.6 1.66 0.03 3 4 3 3 3 4 0.16 0.9 0.02 0.03 0.03 0.02 0.03 0 0.01 0 3 0 0 0.33 0.17 0.67 0.65 0 0 2 1 0.67 2 0.6 1 0 4 0 2 2 2 2 2 2 0 0 0
15 22 154 4 f 645 13979 0.05 21.67 0.07 0 541 43 27 24 31 1.71 0.75 0 0.05 0.02 0.01 0.04 0 0 1 31 0 0 0.87 0.74 0.94 0.48 0 0 48 24.72 19.83 27.8 0.49 0.86 0 31 2 2 3 2 2 2 3 0.25 1 3
1022 3600 1598 1434 f 500 121275 0 242.55 0.97 473 497 485 485 483 488 0.01 0.88 0.12 0.13 0.13 0.13 0.13 0 0 3 67 0 0 0.97 0.97 0.97 0 0 459 483 471.26 469.14 474.18 0.01 0.88 20 129 21 1 4 2 2 2 3 0.43 0.88 46
0 1 30 0 f 120 638 0.19 5.32 0.09 7 13 10 11 10 11 0.12 0.81 0.02 0.07 0.04 0.03 0.07 0 0.01 0 9 0 0 0.44 0.35 0.55 0.36 0 0 7 4.8 3.81 5.78 0.32 0.84 0 9 0 3 5 4 4 4 4 0.14 0.77 0
0 1 60 0 f 186 3973 0.05 21.36 0.23 0 159 42 30 25 61 0.75 0.86 0.01 0.17 0.09 0.05 0.16 0 0 0 31 0 0 0.81 0.54 0.93 0.38 0 0 43 27.86 20.16 36.39 0.41 0.9 0 31 0 2 3 2 2 2 2 0.09 0.21 0
0 1 31 0 f 450 8263 0.05 18.36 0.08 2 111 36 35 21 49 0.59 0.95 0 0.06 0.04 0.02 0.06 0 0 1 25 0 0 0.42 0.34 0.52 0.44 0 0 29 18.57 11.82 21 0.48 0.92 0 25 1 2 8 3 3 2 4 0.54 0.84 3
15 22 155 5 f 621 13969 0.04 22.49 0.07 0 542 44 27 24 31 1.7 0.76 0 0.05 0.02 0.02 0.04 0 0 1 31 0 0 0.87 0.77 0.94 0.43 0 0 48 24.72 20.85 27.8 0.43 0.86 0 31 1 2 3 2 2 2 3 0.25 1 3
7 8 152 2 f 88 146 0.6 1.66 0.04 3 4 3 3 3 4 0.16 0.9 0.02 0.03 0.03 0.02 0.03 0 0.01 0 3 0 0 0.33 0.17 0.67 0.68 0 0 2 1 0.67 2 0.63 0.99 0 4 0 2 2 2 2 2 2 0 0 0
0 1 60 0 f 128 2113 0.06 16.51 0.26 6 64 33 33 19 45 0.46 0.96 0.03 0.23 0.11 0.09 0.17 0 0.01 0 29 0 1 0.73 0.65 0.84 0.18 0.16 5 39 23.92 12.84 35.28 0.45 0.94 0 31 0 1 4 2 3 2 4 0.57 0.99 0
0 1 150 0 f 154 792 0.19 5.14 0.07 4 27 10 7 7 17 0.59 0.82 0.01 0.02 0.01 0.01 0.01 0 0 0 3 0 0 0 0 0.04 2.22 0 0 6 0 0 0.31 2.61 0.41 0 8 0 1 7 3 2 2 3 0.66 0.93 0
0 1 60 0 f 188 3885 0.05 20.66 0.22 0 156 41 30 24 59 0.76 0.86 0.01 0.16 0.09 0.05 0.16 0 0 0 31 0 0 0.79 0.52 0.93 0.42 0 0 43 27.86 17.8 35.84 0.45 0.91 0 31 0 2 3 2 2 2 2 0.09 0.21 0
0 1 0 0 f 25 160 0.16 6.4 0.53 12 16 12 12 12 14 0.09 0.71 0.16 0.2 0.2 0.16 0.2 0 0.04 0 5 0 0 0.52 0.48 0.52 0.03 0 5 8 6.18 5.82 6.92 0.1 0.82 0 8 0 1 3 2 2 2 3 0.33 0.89 0
0 1 150 0 f 561 1628 0.34 2.9 0.01 0 99 5 2 1 6 2.04 0.63 0 0.02 0.01 0 0.01 0 0 0 13 0 1 0.29 0 1 1.04 0.83 0 12 2 0 3.54 1.23 0.72 0 13 0 1 5 2 3 2 3 0.62 0.92 0
17 38 144 4 f 88 146 0.6 1.66 0.04 3 4 3 3 3 4 0.16 0.9 0.02 0.03 0.02 0.02 0.03 0 0.01 0 3 0 0 0.33 0.17 0.67 0.67 0 0 2 1 0.67 2 0.63 1 0 4 0 2 2 2 2 2 2 0 0 0